Stop_ID,Latitude,Longitude
390,37.7215109,122.4750121
660,37.72418588,122.435179
913,37.7197628,122.4267485
3003,37.78183123,122.3920337
3004,37.78196415,122.3922249
3008,37.78539718,122.3965734
3009,37.78452877,122.3953509
3010,37.78412093,122.3949348
3011,37.78657788,122.3980161
3012,37.78892616,122.4010512
3013,37.78867553,122.4007439
3015,37.78068245,122.3907602
3016,37.77254,122.3897767
3018,37.72777813,122.4032913
3019,37.72771244,122.4032605
3020,37.72664538,122.4074943
3021,37.72658337,122.4076512
3023,37.79017836,122.4822516
3024,37.797481,122.445868
3025,37.79837,122.4010291
3026,37.80206846,122.4018092
3029,37.80067077,122.4014808
3030,37.79687545,122.4006802
3031,37.80615972,122.4092044
3032,37.7773944,122.4617415
3033,37.77729106,122.4619691
3034,37.77729063,122.4642041
3035,37.77720081,122.4637122
3036,37.77719218,122.4660464
3037,37.77711756,122.4662424
3038,37.77709363,122.4681426
3039,37.7770168,122.4684402
3040,37.77699911,122.4702949
3041,37.77692189,122.4705107
3043,37.77674385,122.4757724
3044,37.77666897,122.4760717
3045,37.77666582,122.4778673
3046,37.77655672,122.4782087
3047,37.77655352,122.4800348
3048,37.77647853,122.4803369
3049,37.77645664,122.4821922
3050,37.77638284,122.4824353
3051,37.77635926,122.4847025
3052,37.77627793,122.4842325
3053,37.77625041,122.4875747
3054,37.77614009,122.4878084
3055,37.77614398,122.4900269
3056,37.77604121,122.4899712
3057,37.77606919,122.491906
3058,37.77594043,122.4921272
3059,37.77586875,122.4942538
3060,37.7758698,122.4946146
3061,37.77574015,122.4971812
3062,37.77570839,122.4974729
3063,37.77562792,122.5004248
3064,37.77556146,122.5006787
3065,37.77545342,122.5036498
3066,37.77541177,122.5038861
3067,37.77746825,122.45887
3070,37.77693066,122.4723883
3071,37.77680198,122.4723644
3072,37.80150818,122.4448578
3074,37.80336116,122.4452311
3075,37.8006133,122.4443838
3076,37.80426835,122.4453554
3077,37.80244934,122.4450567
3082,37.79792625,122.4062185
3084,37.79816274,122.4039354
3085,37.79421562,122.4363855
3086,37.79415429,122.436336
3087,37.79768352,122.4082758
3088,37.79009308,122.3939623
3089,37.79179739,122.3970785
3090,37.80364913,122.4437422
3093,37.80629403,122.4231608
3094,37.80211087,122.44195
3096,37.736805,122.4311683
3103,37.76078857,122.3885143
3104,37.76057154,122.3889585
3107,37.755686,122.388132
3108,37.75510769,122.3884008
3113,37.73212833,122.3917275
3114,37.77936362,122.3934108
3115,37.725795,122.394231
3116,37.72522923,122.3942931
3123,37.74266615,122.3885385
3124,37.78407983,122.3991932
3127,37.74010371,122.3887043
3128,37.78488981,122.400287
3129,37.73918912,122.3892407
3134,37.73735394,122.3897379
3135,37.73776419,122.389669
3136,37.78657284,122.4025179
3137,37.78763065,122.4034691
3141,37.7344126,122.3907545
3143,37.73460075,122.3907854
3144,37.78220176,122.3968691
3145,37.73227214,122.39153
3146,37.72079833,122.39653
3149,37.72914,122.3926121
3150,37.729228,122.392775
3153,37.77292214,122.389575
3156,37.77825055,122.3964917
3161,37.78521267,122.4066747
3163,37.77727497,122.3953287
3164,37.77696444,122.3944578
3165,37.77692292,122.3945504
3166,37.77651612,122.3986071
3168,37.78008744,122.4032722
3169,37.77931804,122.4020869
3170,37.78141127,122.4047911
3171,37.78125036,122.4047359
3172,37.78291814,122.4066924
3173,37.78290628,122.4067478
3174,37.77558821,122.3971731
3177,37.77708194,122.4639827
3178,37.77695569,122.4640747
3181,37.78311449,122.4644965
3182,37.784619,122.464476
3183,37.77400048,122.4642064
3184,37.78084021,122.464247
3185,37.78071381,122.4643954
3187,37.77739375,122.4043613
3188,37.75663656,122.4637164
3189,37.75673305,122.4636746
3191,37.77324691,122.4033993
3192,37.77670895,122.4077384
3193,37.77575064,122.4064779
3194,37.77789926,122.4092395
3195,37.77912621,122.4108398
3196,37.78034874,122.41244
3197,37.77200442,122.4019203
3200,37.77493941,122.4658076
3201,37.77365259,122.4659209
3202,37.7734881,122.4659383
3203,37.77150624,122.4059066
3204,37.77257452,122.4072218
3205,37.7747786,122.4099455
3206,37.77349247,122.4083628
3208,37.77723301,122.4130013
3209,37.77849617,122.4144953
3210,37.77017181,122.4041105
3211,37.76426357,122.4662989
3212,37.76380588,122.4660865
3213,37.76380409,122.4663666
3214,37.76198711,122.466128
3215,37.76191156,122.4661969
3216,37.76046618,122.466106
3217,37.76018123,122.4660398
3218,37.75860622,122.4659821
3219,37.75830788,122.4659046
3220,37.76575035,122.4664099
3221,37.76569029,122.4664879
3222,37.75671932,122.4658535
3223,37.75648481,122.4657776
3224,37.75486263,122.4657291
3225,37.75461875,122.4656393
3226,37.75303319,122.4656384
3229,37.8244,122.37261
3230,37.75267308,122.4664375
3231,37.75090038,122.4664528
3232,37.75070994,122.466502
3233,37.74950181,122.466414
3234,37.74922145,122.4664655
3235,37.76991176,122.4113438
3236,37.77210484,122.4142556
3237,37.77163644,122.4138273
3238,37.77084744,122.4126493
3239,37.77037291,122.412241
3240,37.77330462,122.4157375
3241,37.77284076,122.4153141
3242,37.77455458,122.417359
3243,37.77401518,122.4167749
3244,37.77549744,122.4184404
3245,37.77537871,122.4182184
3247,37.74876691,122.4707131
3248,37.74499727,122.4704024
3249,37.74348143,122.4702869
3250,37.74314364,122.4702282
3251,37.74177394,122.4699667
3252,37.74168,122.4700134
3253,37.7671558,122.4372414
3254,37.7677572,122.4293236
3255,37.76768167,122.4292658
3256,37.7673272,122.4358292
3257,37.76732479,122.4358088
3258,37.767485,122.4332678
3259,37.76746667,122.4335665
3260,37.7676202,122.4310908
3261,37.76760229,122.4313196
3262,37.75416429,122.4722025
3263,37.75266179,122.4720289
3264,37.75083179,122.4719254
3265,37.74913429,122.4719904
3266,37.742918,122.471416
3267,37.74316667,122.47148
3268,37.741686,122.470838
3269,37.741595,122.4712567
3270,37.73640706,122.4702468
3272,37.75817429,122.4736811
3273,37.75906321,122.4736561
3275,37.75695321,122.4735486
3276,37.75620071,122.4735521
3277,37.7562025,122.4734736
3278,37.75426643,122.4732836
3279,37.75238857,122.4731486
3280,37.75061286,122.4730207
3281,37.7656231,122.4101808
3282,37.76545709,122.4099776
3283,37.76468873,122.4284727
3284,37.76470738,122.4261451
3285,37.76459218,122.4266413
3286,37.76489809,122.4239439
3287,37.76472777,122.4243357
3288,37.76550262,122.413158
3289,37.76538459,122.4132099
3290,37.76579657,122.4037643
3291,37.76513176,122.4195185
3292,37.7650591,122.4193101
3293,37.76500806,122.4198717
3295,37.76579434,122.4079918
3296,37.76567623,122.4075786
3297,37.76578817,122.4052322
3299,37.76517601,122.4158216
3300,37.76498828,122.4217158
3301,37.76489355,122.4221303
3302,37.76601588,122.4048034
3304,37.74705485,122.4738697
3305,37.74677394,122.4738088
3306,37.74524273,122.4737003
3307,37.7617386,122.4476898
3309,37.7618302,122.4466286
3310,37.7617718,122.448974
3312,37.76483458,122.4020565
3313,37.76485086,122.4016963
3314,37.7621425,122.4375331
3317,37.76482389,122.403346
3319,37.76501645,122.3999207
3320,37.76497172,122.3993134
3321,37.76298264,122.3890353
3322,37.76135687,122.4281676
3323,37.76129403,122.4281391
3324,37.76264159,122.397325
3325,37.76090373,122.4354115
3326,37.76090313,122.4347391
3327,37.76029761,122.4434754
3328,37.76024701,122.4435318
3329,37.76074507,122.4373555
3330,37.76146284,122.4263781
3331,37.76142746,122.4258534
3332,37.76074851,122.4381254
3333,37.76160642,122.4240119
3334,37.76158015,122.4235721
3335,37.76055358,122.4410901
3336,37.76055149,122.4407557
3337,37.76291138,122.3908348
3338,37.76187134,122.4196985
3339,37.75977507,122.4444187
3340,37.76106313,122.4326136
3341,37.76103239,122.4329401
3342,37.76282353,122.3935019
3343,37.76276546,122.393238
3344,37.76121746,122.430444
3345,37.76114851,122.4307843
3346,37.76270151,122.3954236
3347,37.76264975,122.3952327
3348,37.76172448,122.4218779
3349,37.7617006,122.4213213
3352,37.72597144,122.4753872
3354,37.73120865,122.475
3355,37.73093549,122.4747605
3356,37.72149697,122.4754061
3357,37.72086891,122.4750091
3359,37.7637436,122.4773308
3360,37.76341722,122.4770813
3361,37.716815,122.47217
3362,37.71805451,122.4732199
3363,37.71734395,122.4730716
3364,37.76151956,122.4768864
3365,37.76145096,122.4771336
3366,37.76012567,122.4767596
3367,37.75997711,122.4769599
3368,37.75781039,122.4765871
3369,37.75777259,122.4768079
3370,37.76518829,122.4772038
3371,37.76517991,122.477441
3372,37.75622745,122.4766921
3373,37.75594179,122.4764592
3374,37.75411453,122.4763216
3375,37.75400549,122.476551
3377,37.73274865,122.4750893
3378,37.73208274,122.4748433
3379,37.75275956,122.4762269
3380,37.75211621,122.4764139
3381,37.7503391,122.4760609
3382,37.7502079,122.4762813
3383,37.74850089,122.4759264
3384,37.74837051,122.4761586
3385,37.714735,122.47022
3387,37.71446,122.47
3388,37.74664966,122.4758059
3389,37.74648804,122.4760165
3390,37.73441,122.4752317
3391,37.73488965,122.4750239
3392,37.74528073,122.4757179
3393,37.74507041,122.4759169
3394,37.7432801,122.4755584
3395,37.74331417,122.4758139
3396,37.74151101,122.4754729
3397,37.74130273,122.4756794
3398,37.73917618,122.4753197
3399,37.73902907,122.4755373
3400,37.73757927,122.4754426
3401,37.73737395,122.4752027
3402,37.72717517,122.4747216
3404,37.73047514,122.4758443
3405,37.73030294,122.4760124
3406,37.72888543,122.4758197
3408,37.72685875,122.476248
3409,37.72636824,122.4761224
3410,37.76053065,122.3891887
3411,37.76032595,122.3882588
3412,37.75992265,122.398081
3413,37.75988661,122.3983641
3414,37.7576337,122.4359022
3415,37.7574813,122.4377959
3424,37.75527842,122.4390749
3425,37.76365647,122.4803339
3426,37.76143071,122.4802029
3427,37.7596386,122.4800505
3428,37.75769541,122.4799472
3429,37.76518282,122.4804531
3430,37.75586447,122.479818
3431,37.75436412,122.4796911
3432,37.75795598,122.3883151
3435,37.7579978,122.392088
3436,37.75786051,122.390221
3437,37.75783671,122.3900749
3439,37.75753284,122.3927889
3441,37.76313214,122.4814391
3442,37.76164265,122.4813184
3443,37.75977949,122.4811834
3444,37.75791459,122.481058
3445,37.76490357,122.4813956
3446,37.75604898,122.4809309
3447,37.75421724,122.4808287
3448,37.75255391,122.4365759
3449,37.7527763,122.4373624
3450,37.75450541,122.4026964
3452,37.75444467,122.401756
3453,37.75442094,122.4049231
3454,37.75433515,122.4052213
3455,37.75448866,122.4038341
3456,37.75443822,122.4037093
3457,37.75484036,122.3984759
3458,37.75282633,122.4093553
3459,37.75280367,122.4089061
3460,37.75167765,122.427272
3461,37.75167291,122.4276653
3462,37.7512942,122.4343378
3463,37.75130705,122.4338282
3464,37.75116247,122.4361827
3465,37.75115103,122.4364667
3466,37.75181309,122.4253435
3467,37.75182418,122.4253396
3468,37.75112642,122.4383358
3469,37.75245058,122.4143188
3470,37.7525057,122.4138528
3471,37.75197358,122.4227143
3472,37.7519581,122.4230839
3473,37.75254802,122.4121233
3474,37.75261582,122.4116825
3475,37.75134815,122.440724
3476,37.75227126,122.4181205
3477,37.75220975,122.418712
3478,37.75144321,122.4317264
3480,37.75299405,122.4066841
3481,37.75154642,122.429509
3482,37.75156494,122.4297981
3483,37.75234181,122.4160833
3484,37.75235582,122.4164753
3485,37.75210099,122.4204814
3486,37.75209835,122.4202949
3489,37.77642439,122.4845469
3490,37.77617092,122.4844072
3491,37.78403496,122.4850891
3492,37.78373672,122.4849728
3495,37.7821933,122.4849503
3496,37.78189733,122.4848423
3497,37.78745754,122.4851386
3498,37.78735707,122.4851662
3499,37.7727,122.4842038
3500,37.78029252,122.4848159
3501,37.7798855,122.4846737
3502,37.78586897,122.4851878
3503,37.78560246,122.4851393
3504,37.75230681,122.3964855
3505,37.7522896,122.3966727
3507,37.75243295,122.3950178
3510,37.74974,122.43165
3511,37.75142777,122.4068192
3512,37.75220407,122.3982824
3513,37.75215601,122.3982333
3514,37.74820376,122.4336092
3516,37.75082798,122.4001357
3517,37.75080383,122.4001332
3519,37.74911207,122.4178528
3520,37.74818032,122.4317963
3521,37.74813457,122.4317407
3522,37.75074831,122.4011177
3523,37.74923543,122.415715
3524,37.75115918,122.3987207
3525,37.73958381,122.486399
3526,37.74796571,122.4878268
3527,37.7478025,122.4877914
3528,37.74637536,122.4877789
3529,37.74616964,122.4877457
3530,37.744535,122.4876411
3531,37.74436357,122.4876271
3532,37.74269107,122.4875146
3533,37.74254478,122.4874987
3534,37.74081179,122.487375
3535,37.74216055,122.4263623
3536,37.74208095,122.4267514
3537,37.74229302,122.4240108
3538,37.74221677,122.4245315
3540,37.74239237,122.4222897
3541,37.7423328,122.4222753
3542,37.74193364,122.4306856
3543,37.74203991,122.4286132
3544,37.741949,122.4290323
3545,37.77680054,122.4920284
3546,37.78337398,122.4922211
3547,37.78325158,122.4924533
3548,37.78192943,122.4924054
3549,37.78179567,122.4924285
3551,37.77791503,122.4932092
3552,37.77770882,122.4931555
3553,37.77618013,122.4931089
3554,37.77606827,122.4931259
3555,37.78144497,122.4933207
3556,37.78135988,122.4935201
3557,37.77994091,122.49299
3558,37.77983667,122.4933555
3559,37.77950665,122.4932582
3560,37.77937256,122.4933231
3561,37.76444413,122.4953588
3562,37.76432209,122.496385
3563,37.74749788,122.497693
3564,37.74603576,122.49725
3565,37.74607618,122.4973268
3566,37.78104457,122.5031402
3567,37.78063038,122.5042712
3568,37.77980373,122.5040959
3570,37.77518539,122.5057447
3571,37.77508563,122.505842
3572,37.77373414,122.5058585
3573,37.77359787,122.5059501
3574,37.76239853,122.5060815
3575,37.76217474,122.5060468
3576,37.7605592,122.5059572
3577,37.76031763,122.5059055
3578,37.75872382,122.5058218
3579,37.75848803,122.5057551
3580,37.75682184,122.5056903
3581,37.75659961,122.5056511
3582,37.76401645,122.5061579
3583,37.76380547,122.5063833
3584,37.75498763,122.5055609
3585,37.75471413,122.5055495
3586,37.75283333,122.5053887
3587,37.75273329,122.5054029
3588,37.75120789,122.5053029
3589,37.75101773,122.5052872
3590,37.74939184,122.5051736
3591,37.74915387,122.5051509
3592,37.74748724,122.5050421
3593,37.74724378,122.505005
3594,37.74563513,122.5049109
3595,37.7454152,122.5048993
3596,37.74378737,122.5047778
3597,37.7435068,122.5047619
3598,37.74189947,122.5046393
3599,37.74165259,122.5046204
3600,37.74000926,122.5045158
3601,37.73984642,122.5045085
3602,37.7381821,122.5044278
3603,37.73797086,122.5043705
3604,37.73612573,122.5042376
3605,37.75275179,122.5063115
3606,37.73593645,122.5053376
3608,37.77924831,122.5092993
3611,37.78429142,122.4084085
3612,37.78417681,122.4083145
3613,37.73819,122.4318909
3614,37.73849522,122.4330617
3615,37.74016457,122.4355637
3616,37.73986391,122.4338809
3617,37.74012087,122.4345615
3618,37.74005957,122.4344617
3619,37.70975585,122.3944837
3621,37.71157667,122.4668968
3622,37.71125869,122.4671604
3628,37.71035643,122.4694014
3629,37.73246706,122.4207047
3630,37.71169605,122.4649817
3631,37.71152226,122.4649239
3635,37.77795824,122.4929813
3636,37.71942551,122.4831029
3637,37.71719086,122.4830906
3638,37.71634229,122.4830309
3639,37.71826286,122.4830794
3640,37.72075176,122.4830112
3642,37.77699507,122.4586528
3643,37.78555597,122.4591607
3644,37.78542876,122.4592036
3645,37.78298119,122.4590712
3647,37.78368336,122.4589788
3648,37.77452627,122.4583194
3649,37.78147806,122.4589619
3650,37.78098358,122.4587831
3651,37.77755373,122.4585685
3652,37.7574351,122.3980273
3653,37.7559902,122.3978792
3656,37.76433851,122.4460555
3657,37.76433881,122.4461099
3659,37.76302567,122.4467901
3661,37.7671109,122.4463451
3662,37.76983887,122.4470757
3663,37.76529134,122.4460545
3664,37.76519746,122.4460101
3665,37.76921388,122.4468301
3666,37.76900985,122.4467488
3667,37.72467583,122.4261235
3668,37.72155646,122.4284782
3669,37.72309976,122.4273207
3670,37.82696373,122.3773436
3674,37.821055,122.375115
3680,37.72474711,122.4243355
3681,37.72475475,122.4243475
3682,37.72518357,122.4234192
3685,37.72744825,122.4044945
3686,37.72735405,122.4046821
3687,37.72691838,122.4064678
3688,37.72683566,122.4066801
3689,37.71965475,122.4715675
3690,37.74201167,122.4099163
3691,37.74158233,122.4105546
3692,37.71203683,122.4007612
3693,37.73780511,122.431128
3694,37.7349438,122.4402257
3695,37.7336005,122.4339366
3696,37.73337687,122.4337641
3697,37.73498545,122.4401647
3698,37.73389413,122.4357362
3699,37.73384899,122.4359504
3700,37.73358677,122.4278415
3701,37.73340831,122.429326
3702,37.73343048,122.4294635
3703,37.733702,122.4267214
3704,37.733176,122.4312928
3705,37.78859385,122.482659
3706,37.7920176,122.4815103
3708,37.74215122,122.4095603
3709,37.74277589,122.4094602
3710,37.74301733,122.4094632
3712,37.74899633,122.4449745
3713,37.74810878,122.444989
3715,37.713215,122.45891
3716,37.71318,122.45918
3717,37.7132,122.461945
3718,37.713235,122.45594
3719,37.71321,122.45621
3720,37.73192616,122.3993497
3721,37.73198439,122.3995835
3722,37.73319126,122.3976887
3723,37.77939116,122.3982289
3724,37.77803403,122.3999553
3725,37.77624088,122.402203
3726,37.7744572,122.4045377
3727,37.77237817,122.4071268
3728,37.77147594,122.4082211
3730,37.76544881,122.4104099
3731,37.76539436,122.4105072
3732,37.76419735,122.4103086
3733,37.76407182,122.4103873
3734,37.76187768,122.4101846
3735,37.7617306,122.410064
3736,37.7605999,122.4100717
3737,37.76037737,122.4099622
3738,37.75930667,122.4098906
3739,37.75920455,122.4097209
3740,37.7575003,122.4095357
3741,37.75748545,122.4096304
3742,37.75615798,122.4094237
3743,37.7557699,122.4094998
3744,37.75428798,122.4092332
3745,37.75425747,122.4093172
3746,37.7529712,122.4091483
3747,37.75260212,122.4092013
3748,37.75129899,122.4090578
3749,37.7511226,122.4089432
3750,37.74969182,122.4088949
3751,37.74977571,122.4089709
3752,37.76843931,122.4107031
3753,37.7681395,122.4108112
3754,37.76978134,122.4104237
3755,37.76904216,122.4110274
3756,37.76319061,122.4102899
3757,37.76293929,122.4102008
3758,37.72205658,122.4292768
3759,37.72169192,122.4285514
3760,37.7232687,122.4318322
3761,37.72462688,122.4346525
3762,37.72171224,122.4285453
3763,37.72131384,122.4277638
3764,37.72092589,122.4269538
3765,37.72262455,122.4304677
3766,37.72396286,122.433277
3767,37.72047781,122.4262559
3768,37.74489276,122.4045062
3769,37.74125413,122.4066041
3771,37.73765809,122.4069885
3772,37.71224027,122.4029703
3773,37.73421791,122.4055999
3774,37.71209,122.40203
3775,37.73488127,122.4058253
3776,37.71492917,122.3997667
3778,37.73984156,122.4067055
3779,37.73975822,122.407126
3780,37.71503571,122.3990664
3782,37.74668808,122.4036123
3783,37.71103243,122.4039669
3784,37.73877995,122.4068226
3785,37.74335435,122.4052594
3786,37.74275674,122.4051953
3788,37.73318983,122.4048022
3789,37.73313139,122.4050436
3793,37.71066779,122.4039407
3794,37.80339206,122.4333343
3795,37.80483484,122.4335729
3797,37.72588794,122.47706
3798,37.72584371,122.4769583
3799,37.72611676,122.4787482
3800,37.72609857,122.4786177
3801,37.72689829,122.4797734
3802,37.72713529,122.4798824
3803,37.72798457,122.4790231
3804,37.83145833,122.5236167
3805,37.83317,122.52083
3806,37.83292167,122.5203517
3807,37.83287,122.509092
3808,37.83299,122.5087383
3809,37.831934,122.514932
3810,37.83185,122.51516
3812,37.78915314,122.4165426
3813,37.7894101,122.4139111
3814,37.78939422,122.4151025
3815,37.79090556,122.4021089
3818,37.76764188,122.4401656
3819,37.76857604,122.4385242
3820,37.767152,122.4382826
3822,37.78536135,122.4622867
3823,37.78520628,122.4626099
3824,37.78503167,122.46485
3825,37.784929,122.4647763
3826,37.78483552,122.4652314
3827,37.78469225,122.4668812
3828,37.78467471,122.4691205
3830,37.78458747,122.4689852
3831,37.78459107,122.4709244
3832,37.7844826,122.4710862
3833,37.78439157,122.475189
3834,37.78428955,122.4755236
3835,37.78424405,122.478455
3836,37.78414475,122.4787667
3837,37.7840995,122.4816582
3838,37.78399361,122.4819876
3839,37.78393934,122.4848182
3840,37.7838357,122.4853002
3841,37.78376925,122.4880543
3842,37.78371049,122.4883271
3843,37.78363705,122.4904759
3844,37.78362279,122.4901008
3845,37.78572528,122.4594212
3846,37.78568625,122.4589044
3847,37.78767707,122.4437164
3848,37.78762662,122.4433449
3851,37.79307388,122.3995995
3852,37.78603171,122.4569628
3853,37.78608154,122.4563068
3858,37.7879726,122.4410142
3859,37.78798774,122.4406012
3861,37.78885235,122.4341912
3862,37.78884333,122.4339067
3875,37.78688834,122.4500866
3876,37.78672211,122.4502685
3879,37.78624401,122.4553421
3884,37.78851749,122.4375408
3885,37.78851426,122.4368031
3886,37.78451388,122.4729978
3887,37.78438516,122.4728536
3892,37.78715638,122.4473459
3893,37.78714668,122.4469406
3896,37.78650952,122.4532732
3897,37.78630036,122.4534485
3904,37.817392,122.372644
3905,37.81934381,122.3738765
3911,37.76590882,122.4502612
3912,37.76495286,122.4565329
3913,37.76497059,122.4564347
3914,37.76547286,122.4526843
3915,37.76543471,122.4530235
3920,37.73583831,122.3837321
3921,37.73579,122.3869234
3922,37.73656584,122.3858646
3923,37.77529588,122.4642382
3924,37.7733932,122.5078205
3925,37.77336403,122.5080438
3927,37.77331946,122.5097932
3928,37.74841433,122.4104219
3929,37.74851434,122.4089692
3930,37.74951439,122.4098564
3931,37.74837473,122.4139841
3932,37.74927939,122.4139593
3933,37.7483892,122.4120737
3934,37.74943283,122.4117549
3935,37.74841164,122.4186815
3936,37.74829588,122.4157372
3937,37.79993657,122.444346
3938,37.80128348,122.4327631
3939,37.80121759,122.4330291
3940,37.80004802,122.4427372
3941,37.80084111,122.4361077
3942,37.80056743,122.4363426
3943,37.8020847,122.4265953
3944,37.80210737,122.4261317
3945,37.80187166,122.4282372
3946,37.80189237,122.4277935
3947,37.80145624,122.431545
3948,37.8014104,122.4314739
3949,37.8006446,122.437614
3950,37.80165817,122.4298685
3951,37.8016647,122.4295079
3952,37.80041954,122.4397894
3953,37.80029733,122.4390159
3954,37.80025832,122.4410728
3955,37.80016348,122.4409548
3956,37.80226913,122.4251617
3957,37.80228839,122.4250255
3958,37.8010758,122.434469
3959,37.80099335,122.4346975
3960,37.70909551,122.4340652
3961,37.7090196,122.434328
3962,37.70984543,122.4324679
3963,37.7097619,122.432543
3964,37.71061483,122.4315578
3965,37.74201259,122.4257481
3966,37.74194429,122.4257793
3967,37.7346425,122.4323139
3968,37.73895069,122.4258945
3969,37.73645429,122.4289077
3970,37.73640224,122.4290079
3971,37.7371731,122.4278253
3972,37.73715393,122.4278468
3973,37.73477414,122.4319581
3974,37.73989732,122.4256702
3975,37.73971052,122.4256729
3976,37.73562071,122.4301795
3977,37.73548897,122.4303945
3984,37.76466628,122.4287073
4005,37.76958977,122.4292023
4008,37.76788544,122.4290701
4009,37.76798714,122.4285836
4015,37.79558346,122.3972412
4016,37.79189948,122.4245382
4017,37.79521124,122.3989361
4018,37.79425491,122.4060671
4019,37.79274277,122.4179048
4020,37.7931933,122.4146236
4021,37.79447097,122.404492
4022,37.7924991,122.4196097
4023,37.79293105,122.4162687
4024,37.79365619,122.4108005
4025,37.79476949,122.4028049
4026,37.79235558,122.4207701
4027,37.79378142,122.4097435
4028,37.79494058,122.401241
4029,37.79404093,122.4076279
4030,37.7933988,122.412676
4031,37.79211063,122.4229565
4032,37.75173107,122.458408
4033,37.75308232,122.4557725
4035,37.75200589,122.4563771
4037,37.75371009,122.4554325
4039,37.78315,122.4598928
4040,37.78304854,122.4624778
4041,37.78303875,122.4620345
4042,37.78298845,122.464743
4043,37.7829235,122.4643095
4044,37.782831,122.4662085
4045,37.78283902,122.4689651
4046,37.7827661,122.4684749
4047,37.78272974,122.4711354
4048,37.78268902,122.4706412
4069,37.78165667,122.4944512
4070,37.76084134,122.4465194
4071,37.74691163,122.4439839
4072,37.74665146,122.445097
4073,37.76620466,122.4478288
4074,37.76617136,122.4478591
4075,37.75875522,122.4458322
4076,37.75866716,122.4457928
4077,37.76085433,122.4463821
4078,37.76692373,122.4478426
4079,37.75837,122.4445207
4080,37.75833224,122.4442455
4081,37.76534677,122.4477688
4082,37.76525901,122.447846
4083,37.71749441,122.4743959
4084,37.71725882,122.4743897
4086,37.71603647,122.4743432
4087,37.80238147,122.4060181
4088,37.76175146,122.4491519
4089,37.76329333,122.4494671
4090,37.7631904,122.4494516
4091,37.76596746,122.4499969
4092,37.76563609,122.4499677
4093,37.76104104,122.4486992
4094,37.76682081,122.4501908
4095,37.76942495,122.4506286
4096,37.76931607,122.4506736
4097,37.764743,122.449767
4098,37.76467396,122.4497558
4099,37.76849466,122.4505143
4100,37.80554054,122.4178525
4101,37.79823625,122.4067787
4102,37.79765302,122.4064937
4103,37.80382992,122.4151905
4105,37.8012571,122.4116647
4106,37.80448254,122.4161533
4107,37.80420124,122.4159391
4108,37.79927744,122.4086948
4110,37.79610661,122.404409
4111,37.79731283,122.4057145
4114,37.80263104,122.4136735
4115,37.80216205,122.4127703
4116,37.80544343,122.4176138
4117,37.79916746,122.4086698
4118,37.80325317,122.4145513
4119,37.800651,122.4105679
4120,37.8004461,122.4105389
4121,37.79588333,122.4037109
4122,37.75381189,122.3972877
4123,37.76494129,122.3978118
4124,37.76482028,122.3978471
4125,37.76266529,122.397505
4126,37.76240375,122.397447
4127,37.76113607,122.3973655
4128,37.75257875,122.3965213
4129,37.75150202,122.3964728
4130,37.75138435,122.396516
4131,37.75009667,122.3963238
4132,37.74990913,122.3964395
4133,37.83252714,122.48286
4134,37.832735,122.48368
4135,37.832853,122.483785
4137,37.71017616,122.4349456
4138,37.70954884,122.4347286
4139,37.70965351,122.4347123
4142,37.73911176,122.4164396
4143,37.7390668,122.4166455
4145,37.73933831,122.4184792
4146,37.73935228,122.4187188
4147,37.73976894,122.4098669
4148,37.73953607,122.4073998
4149,37.73992932,122.420057
4150,37.73972444,122.4196633
4151,37.73896046,122.4146165
4152,37.73889672,122.4147254
4153,37.73902059,122.4136283
4154,37.73897079,122.4134794
4155,37.73965708,122.4078619
4156,37.74100498,122.4226403
4157,37.74090079,122.4225615
4158,37.73971354,122.412005
4159,37.7396271,122.4121321
4160,37.74027767,122.4209221
4161,37.74020539,122.4208303
4162,37.76162854,122.4427842
4163,37.76157041,122.4429524
4164,37.75990167,122.4452369
4165,37.75998469,122.4452208
4166,37.75741367,122.444201
4167,37.75407688,122.4429463
4168,37.75401714,122.4430167
4169,37.75219918,122.4435937
4170,37.75170271,122.4437492
4171,37.75891083,122.4460435
4172,37.75860286,122.4459073
4173,37.7508202,122.4438231
4174,37.76124163,122.4438618
4175,37.76113563,122.4439225
4176,37.76208082,122.4396445
4177,37.75632265,122.443312
4178,37.75646938,122.4433694
4179,37.76174854,122.4412338
4180,37.76175245,122.4412047
4181,37.75278208,122.4436935
4182,37.75774604,122.4447525
4183,37.76067204,122.4444576
4184,37.76053479,122.4445788
4185,37.76189125,122.4402469
4186,37.75542061,122.4427518
4187,37.75543417,122.4427838
4188,37.73516403,122.4218415
4189,37.73487585,122.4168651
4190,37.734905,122.4169592
4191,37.7350519,122.4196943
4192,37.73531419,122.4241676
4195,37.73474531,122.4135578
4196,37.73474694,122.4138263
4197,37.73517891,122.4225363
4198,37.73533815,122.4245448
4199,37.73504125,122.4201111
4200,37.73496871,122.4181777
4201,37.73491531,122.4113975
4202,37.7348915,122.4113252
4203,37.73497391,122.4186941
4204,37.76096021,122.447654
4205,37.76105271,122.4466994
4207,37.71999842,122.4758608
4209,37.75036306,122.4464624
4210,37.75177898,122.4463233
4211,37.77221444,122.4931291
4212,37.77216695,122.4927441
4213,37.77208043,122.4962757
4214,37.77202791,122.4956605
4215,37.77197326,122.4968366
4216,37.77199107,122.4980593
4217,37.77189717,122.5000925
4218,37.77183797,122.4999793
4219,37.77176596,122.5032135
4220,37.77166797,122.5036416
4221,37.77159197,122.5069965
4222,37.77154457,122.5062955
4223,37.77439021,122.4585937
4224,37.77436194,122.458001
4225,37.77545204,122.4500094
4226,37.7754973,122.4494427
4227,37.7713104,122.5107423
4228,37.77140724,122.5093051
4229,37.77593847,122.4462759
4230,37.77584563,122.4466802
4231,37.7731846,122.4722312
4232,37.7730992,122.4720683
4233,37.77503056,122.4531793
4234,37.77510622,122.4524695
4235,37.77484168,122.4543685
4236,37.77476595,122.4550193
4238,37.74421333,122.4528853
4239,37.78177276,122.415219
4240,37.782168,122.412028
4241,37.78171789,122.4139621
4242,37.781545,122.418543
4243,37.781014,122.420746
4245,37.719685,122.4716599
4246,37.72000339,122.4634523
4247,37.71983455,122.4636959
4248,37.71967984,122.4698506
4253,37.71969516,122.4679374
4254,37.71967686,122.4655006
4255,37.78128889,122.4609262
4256,37.78105918,122.4612351
4257,37.78115002,122.4641332
4258,37.78091665,122.4644715
4259,37.78098186,122.4678351
4260,37.78078758,122.4671655
4261,37.78085214,122.4705534
4262,37.78063249,122.4707844
4263,37.78059111,122.4760002
4264,37.78037775,122.4763192
4265,37.78046166,122.4792238
4266,37.78022078,122.4795755
4267,37.78034442,122.4813736
4268,37.78009899,122.4827953
4269,37.78022254,122.4845574
4270,37.77997736,122.4849213
4271,37.78008161,122.4877855
4272,37.77984766,122.4881165
4273,37.7799867,122.4899247
4274,37.7797514,122.4902015
4275,37.77966732,122.4921076
4277,37.77986076,122.4928986
4278,37.77980132,122.4936329
4279,37.77962485,122.4934646
4280,37.77966946,122.4963743
4281,37.77947302,122.4966819
4282,37.77953031,122.5006582
4283,37.77932438,122.4998967
4285,37.77919864,122.50257
4286,37.77910404,122.5061537
4287,37.78140626,122.4586784
4288,37.78116956,122.4585451
4289,37.78293777,122.4430997
4290,37.78224473,122.44998
4291,37.78204785,122.4498117
4292,37.78152439,122.4558131
4293,37.78345197,122.4393198
4294,37.78319625,122.4396742
4295,37.78449986,122.4334216
4296,37.784125,122.4334792
4297,37.78552327,122.4228286
4298,37.78542785,122.4251782
4299,37.78628008,122.4167209
4300,37.78667564,122.4133972
4301,37.78791822,122.4038797
4302,37.7860453,122.4184251
4303,37.78644622,122.4151962
4304,37.78512772,122.4278317
4305,37.78479259,122.4281642
4307,37.76756397,122.4355116
4308,37.76746275,122.4354586
4309,37.76586973,122.4352158
4310,37.76558591,122.4353204
4311,37.76423203,122.4351935
4312,37.76430268,122.4351039
4313,37.76231225,122.4349915
4314,37.76082837,122.4347353
4315,37.76070685,122.4349063
4316,37.75939011,122.4348848
4317,37.75921305,122.4348357
4318,37.75779037,122.4347655
4319,37.75761174,122.4346861
4320,37.7559995,122.4345287
4321,37.75608759,122.4345973
4322,37.75463732,122.4344513
4323,37.7543794,122.4343744
4324,37.75286982,122.4342326
4325,37.75293136,122.4342906
4326,37.75116653,122.4340426
4327,37.75112054,122.4341345
4328,37.74982864,122.4340081
4329,37.7495825,122.4338696
4330,37.7692232,122.4358862
4331,37.76892961,122.4357844
4332,37.75200265,122.4341596
4333,37.75212123,122.4342117
4334,37.7622192,122.4349958
4335,37.74887929,122.451453
4336,37.71022932,122.4377824
4337,37.74615462,122.3867538
4338,37.74580364,122.3872491
4341,37.7062171,122.4689416
4342,37.75375082,122.395881
4343,37.75371893,122.3956643
4345,37.75267732,122.3949246
4346,37.79357707,122.3978189
4347,37.79303401,122.3979503
4350,37.76606861,122.4017126
4351,37.76475796,122.4015008
4352,37.76224527,122.401226
4353,37.76089011,122.4012018
4354,37.75964924,122.4011054
4355,37.75739467,122.400903
4356,37.75493924,122.4007637
4357,37.76353772,122.4014436
4358,37.75808761,122.400963
4359,37.74663551,122.4402994
4360,37.74037361,122.4356583
4361,37.73882776,122.4366796
4362,37.73867319,122.436874
4363,37.74191299,122.4359712
4364,37.74159194,122.4360269
4366,37.74521872,122.4398712
4367,37.74361192,122.4375138
4368,37.74025833,122.4359188
4369,37.74362625,122.4379374
4370,37.75127435,122.4363539
4371,37.75106957,122.4363059
4372,37.74962674,122.4361754
4373,37.74946609,122.4361711
4374,37.74788957,122.4360102
4375,37.74788283,122.4360102
4376,37.7463,122.4358583
4377,37.74622957,122.4358552
4378,37.74466543,122.4356939
4379,37.74465543,122.4357065
4380,37.74327739,122.4356111
4381,37.74305522,122.4355567
4382,37.73863987,122.4346985
4383,37.73799424,122.4346997
4384,37.74711478,122.4359357
4385,37.74706348,122.4359326
4386,37.73336283,122.4341531
4387,37.73325975,122.4343069
4388,37.73440437,122.4338618
4389,37.73437711,122.4339473
4390,37.74885478,122.4361078
4391,37.74870457,122.4360926
4392,37.73829519,122.4362771
4393,37.73823847,122.4357982
4394,37.74167022,122.4354398
4395,37.73815447,122.4371895
4397,37.74180087,122.4354491
4398,37.74556804,122.4357909
4399,37.74547957,122.4357772
4400,37.73875652,122.43473
4402,37.73627273,122.4344095
4403,37.73602468,122.4343178
4404,37.73726718,122.4346692
4405,37.73718179,122.4346422
4406,37.80192822,122.4432942
4407,37.80375732,122.4436879
4408,37.78627265,122.4400721
4409,37.78827784,122.440448
4410,37.78786955,122.4404627
4411,37.80014305,122.4423443
4412,37.79000809,122.4407508
4413,37.79000418,122.4408836
4414,37.78047381,122.438864
4415,37.78033684,122.4388841
4418,37.80094005,122.443097
4421,37.78356972,122.4395868
4422,37.78301583,122.4394114
4423,37.77145233,122.4370778
4424,37.77108863,122.437035
4425,37.77515935,122.4377971
4426,37.7748291,122.4377433
4427,37.79148967,122.4410318
4428,37.77797944,122.4383969
4429,37.77757778,122.4382771
4430,37.80287834,122.4434903
4431,37.77331506,122.4374134
4432,37.77296896,122.4373548
4433,37.78695418,122.4402388
4434,37.78536814,122.4399577
4435,37.78494955,122.439753
4436,37.76937991,122.4105526
4437,37.76972867,122.4032625
4438,37.76988953,122.403458
4439,37.71718426,122.407503
4440,37.72923211,122.3695733
4443,37.75118632,122.4385233
4444,37.75355974,122.4387583
4445,37.79381185,122.3966074
4451,37.76925,122.43354
4453,37.74522653,122.441395
4454,37.74541542,122.4428143
4455,37.74523778,122.4403253
4456,37.72881422,122.3731349
4472,37.7819667,122.4288834
4473,37.78182586,122.4292074
4474,37.78062238,122.4386903
4475,37.7814612,122.4321866
4476,37.78143386,122.4325514
4477,37.7825192,122.4244514
4478,37.7824566,122.4242048
4479,37.78356121,122.4156385
4480,37.78398186,122.4123671
4481,37.78320418,122.4179077
4482,37.78331712,122.417275
4483,37.78381541,122.413989
4484,37.7821584,122.4273598
4485,37.78208616,122.4271002
4486,37.7843701,122.4095594
4487,37.7810917,122.4354945
4488,37.7810205,122.435786
4489,37.78314847,122.4189718
4490,37.78314172,122.4189112
4491,37.7808811,122.4372094
4492,37.78081119,122.4375253
4493,37.7842601,122.4107482
4494,37.78301276,122.4206086
4495,37.7829702,122.4204021
4496,37.78469848,122.4130963
4497,37.7846516,122.4142019
4499,37.78484886,122.4114418
4508,37.79116867,122.3899913
4511,37.79042105,122.3897953
4519,37.792594,122.3910953
4520,37.79202895,122.3910942
4530,37.80831767,122.4103373
4531,37.78323294,122.3883553
4535,37.76057587,122.4382793
4536,37.75898087,122.4381261
4537,37.75740174,122.4379741
4538,37.75576543,122.4378235
4539,37.75581087,122.4378172
4540,37.75435826,122.437667
4541,37.7541813,122.4376687
4542,37.75283565,122.4374039
4543,37.761585,122.438247
4544,37.73112657,122.4746554
4545,37.73107324,122.4743795
4546,37.73110886,122.4724049
4547,37.74237534,122.3874542
4548,37.74913374,122.3969008
4549,37.74898228,122.3968698
4550,37.73875352,122.3807973
4551,37.73876068,122.3811106
4552,37.73769118,122.3792864
4553,37.74066432,122.3844685
4555,37.7419396,122.386342
4556,37.74742957,122.3956922
4557,37.74744161,122.3961608
4558,37.73999303,122.3829389
4559,37.74296551,122.3882643
4560,37.74298128,122.3886047
4561,37.74431292,122.3905478
4562,37.74597809,122.3937669
4564,37.73974291,122.3828549
4565,37.73287689,122.4168851
4566,37.73282567,122.4178207
4567,37.73262222,122.4188513
4568,37.73490272,122.4144951
4571,37.72478534,122.4305996
4572,37.72613247,122.4334284
4573,37.72402822,122.4290118
4574,37.72556384,122.43222
4575,37.71007266,122.393227
4576,37.71101043,122.3950897
4579,37.73839304,122.4339426
4580,37.77573333,122.4230988
4581,37.72717988,122.4163986
4582,37.72707581,122.4166214
4583,37.72661446,122.4186365
4584,37.72652518,122.4185304
4587,37.72619494,122.420288
4588,37.72601471,122.4205135
4589,37.72570012,122.422236
4590,37.72557694,122.4222115
4593,37.72518025,122.4232833
4596,37.72752256,122.4146386
4599,37.8318225,122.525835
4601,37.8320625,122.5283225
4602,37.831718,122.523164
4603,37.80235584,122.4365592
4604,37.79403956,122.434977
4605,37.79382584,122.4348849
4606,37.80445387,122.4371864
4607,37.80441815,122.4370065
4608,37.80103431,122.4362943
4609,37.80093126,122.4364687
4610,37.80300541,122.4368885
4611,37.78162451,122.43241
4612,37.78157227,122.4324061
4613,37.77981807,122.4319878
4614,37.78440652,122.4328984
4615,37.78428723,122.4329945
4616,37.77698322,122.4314106
4617,37.7768966,122.4314671
4618,37.77223246,122.430505
4620,37.77205191,122.4304113
4621,37.77605442,122.431232
4622,37.77562366,122.4311903
4623,37.79266739,122.4345895
4624,37.79222213,122.4345497
4625,37.80550216,122.437312
4626,37.79961622,122.4360201
4627,37.79956044,122.4360627
4628,37.77848073,122.4317426
4629,37.77836988,122.4317803
4630,37.80348005,122.4368135
4631,37.77424319,122.4308994
4632,37.77378626,122.4308217
4633,37.78310773,122.4327917
4634,37.78306946,122.4327559
4635,37.78813036,122.4337092
4636,37.78767733,122.4336466
4637,37.78982204,122.4340062
4638,37.78973327,122.4339861
4640,37.78598953,122.4332718
4641,37.78587521,122.4332747
4642,37.78021829,122.4321285
4643,37.79734978,122.4355584
4645,37.71988628,122.3896217
4646,37.72095929,122.3913712
4647,37.72196103,122.3931051
4648,37.72290138,122.3947872
4649,37.72984503,122.4488395
4650,37.72851168,122.4489228
4651,37.733325,122.4488786
4652,37.73300946,122.448873
4654,37.73411714,122.4487202
4657,37.78398254,122.3988598
4658,37.78233267,122.4009342
4659,37.78040542,122.4031546
4660,37.77865085,122.405358
4661,37.77656492,122.407988
4662,37.7751522,122.4098195
4663,37.7738939,122.4113963
4664,37.77198328,122.4139495
4665,37.77168426,122.4142496
4666,37.76832623,122.4157491
4667,37.76842903,122.4156848
4668,37.76552082,122.4155048
4669,37.76521245,122.4154223
4671,37.76224672,122.4152234
4672,37.76188528,122.4151166
4673,37.75903491,122.4148162
4674,37.75880836,122.4149107
4675,37.75592741,122.414414
4676,37.75537611,122.4144657
4677,37.75268614,122.414156
4678,37.75257907,122.41425
4680,37.75099542,122.414008
4681,37.75083276,122.4139056
4683,37.74916147,122.4138341
4684,37.74845764,122.4137665
4685,37.74840522,122.4136651
4686,37.74686483,122.4136067
4687,37.73895213,122.4131935
4688,37.7388136,122.4133407
4689,37.73548818,122.4136786
4690,37.73485236,122.4136629
4695,37.73637159,122.4135015
4696,37.7359127,122.4136234
4697,37.74706444,122.4135516
4698,37.74520211,122.4133782
4699,37.74524494,122.4134609
4700,37.73743273,122.4133566
4701,37.73721101,122.4135029
4702,37.72168294,122.4821568
4704,37.71513176,122.4730991
4705,37.71592765,122.4743065
4706,37.715914,122.4745889
4707,37.71673824,122.4756974
4709,37.71769382,122.4770421
4710,37.71956412,122.4795976
4712,37.72058559,122.4808224
4714,37.76593188,122.457608
4715,37.76722296,122.4466529
4716,37.76719199,122.4465406
4717,37.76704854,122.4478382
4718,37.76639304,122.4532891
4719,37.76611838,122.4548185
4720,37.76618364,122.4547301
4725,37.7913537,122.3979617
4726,37.79401733,122.3940147
4728,37.83250727,122.5391036
4729,37.80495957,122.4323531
4730,37.77395725,122.4619258
4731,37.77396882,122.4613256
4732,37.77368427,122.4640512
4733,37.77369325,122.4632597
4734,37.77345995,122.4662691
4735,37.77340567,122.4655603
4736,37.77334882,122.4684361
4737,37.77330781,122.4676865
4738,37.77324749,122.4705363
4739,37.77320428,122.4699475
4740,37.77304834,122.474937
4741,37.77302282,122.474091
4742,37.7729607,122.4768591
4743,37.77289,122.4768297
4744,37.77285963,122.4791272
4745,37.7728108,122.4785617
4746,37.77276513,122.4812719
4747,37.77270679,122.4806494
4748,37.7726192,122.4844668
4749,37.77256257,122.4838612
4750,37.77247465,122.4873198
4751,37.77242048,122.4871655
4752,37.77238813,122.489388
4753,37.77232209,122.489262
4754,37.78226878,122.4476737
4755,37.78075433,122.4727226
4756,37.78053458,122.4725753
4757,37.78733326,122.4086083
4758,37.78252646,122.4467718
4759,37.78237054,122.4459797
4760,37.78388938,122.4377131
4761,37.78360729,122.4375814
4762,37.7818696,122.4530336
4763,37.78159033,122.4533892
4764,37.78127785,122.4564791
4765,37.78283131,122.4424648
4766,37.78752805,122.4058082
4767,37.78680946,122.4117449
4768,37.78574786,122.4206014
4769,37.78480015,122.4309789
4770,37.78438523,122.4314459
4771,37.77067264,122.4662825
4772,37.77051609,122.4688067
4773,37.80764803,122.4747114
4776,37.80648315,122.4755086
4777,37.80669,122.4753738
4778,37.80732,122.47523
4779,37.76792355,122.5104668
4780,37.76731107,122.51055
4781,37.74541377,122.5069896
4782,37.73539831,122.506841
4783,37.72238752,122.3954037
4784,37.71827531,122.388294
4785,37.72032088,122.3917507
4786,37.72139221,122.393609
4789,37.71920441,122.4754191
4790,37.71646314,122.4758457
4791,37.71608314,122.4772671
4792,37.72995483,122.4511393
4795,37.71185391,122.4281788
4796,37.71168089,122.4282267
4798,37.7110598,122.426267
4799,37.71074054,122.4258608
4803,37.721138,122.4474423
4805,37.72088507,122.4473808
4808,37.70790592,122.4182419
4809,37.70779151,122.4182787
4810,37.71889332,122.4435431
4811,37.71871406,122.4435463
4816,37.72005837,122.4453219
4817,37.73006133,122.3771817
4818,37.79101,122.4041466
4819,37.79273431,122.404331
4820,37.7946336,122.4048515
4821,37.78832685,122.4035347
4822,37.79611736,122.4051264
4823,37.80697797,122.4072945
4824,37.79743222,122.405569
4826,37.78966235,122.403848
4827,37.72983844,122.3753092
4829,37.70945474,122.4854449
4830,37.71441368,122.4852454
4831,37.71491671,122.4853043
4833,37.7244075,122.4847625
4834,37.71880237,122.4850251
4835,37.71820947,122.4851645
4836,37.71053493,122.4854286
4837,37.71124382,122.4854421
4838,37.72958826,122.4864976
4839,37.72937157,122.486389
4840,37.72624342,122.4841595
4843,37.77299787,122.5100608
4844,37.77168878,122.5098399
4845,37.80628663,122.4221863
4846,37.78309177,122.4175933
4847,37.78165521,122.4172547
4848,37.77891052,122.4165529
4850,37.78086947,122.4171711
4851,37.78500156,122.4179686
4852,37.75853634,122.4640802
4853,37.75846167,122.4640077
4854,37.75854667,122.4657039
4855,37.75844714,122.4660686
4856,37.7583625,122.4680189
4857,37.75834786,122.4681336
4858,37.75832821,122.4699954
4859,37.75830286,122.4700421
4860,37.75909179,122.4723529
4861,37.75911964,122.4726204
4862,37.78914353,122.4154127
4863,37.79106095,122.4159296
4864,37.79290912,122.4161075
4865,37.78634923,122.414885
4866,37.79464618,122.4165266
4867,37.78542538,122.4146873
4868,37.79006359,122.4156283
4869,37.78730885,122.4150918
4870,37.79202583,122.4159887
4871,37.78824942,122.4153048
4872,37.79380422,122.4162916
4873,37.78502101,122.4993789
4876,37.74532673,122.4573361
4877,37.7452462,122.4573392
4878,37.75107102,122.4614388
4879,37.72024534,122.4454071
4881,37.72211693,122.450009
4882,37.72196034,122.4499452
4883,37.71477218,122.4376211
4884,37.71513137,122.4380163
4885,37.71698575,122.4412652
4886,37.71642401,122.4408359
4888,37.71293797,122.4331724
4889,37.71334996,122.433915
4890,37.71422167,122.4359818
4891,37.71398238,122.4358995
4892,37.71566566,122.4392534
4893,37.7157176,122.4396717
4894,37.71282391,122.4317637
4895,37.70708275,122.4152171
4898,37.720752,122.44764
4899,37.70842194,122.4197768
4900,37.70855239,122.4204085
4905,37.7910968,122.4259514
4908,37.72002074,122.4593542
4910,37.72002959,122.4573275
4911,37.72004259,122.4530342
4912,37.72000694,122.4614093
4913,37.72003788,122.4541915
4915,37.72003089,122.4562031
4916,37.71591886,122.4813246
4917,37.715716,122.4781683
4918,37.71532629,122.4798086
4920,37.77791255,122.4229464
4921,37.77748784,122.4260744
4923,37.77835306,122.4195308
4924,37.75494355,122.4403587
4925,37.75407882,122.4412454
4926,37.75239203,122.4424325
4927,37.75229987,122.4424857
4928,37.75078891,122.4427716
4929,37.75070154,122.4426596
4930,37.74924243,122.4426153
4931,37.74920436,122.4425091
4932,37.74844756,122.4425483
4933,37.7482425,122.4426323
4934,37.82985687,122.3752551
4935,37.8281594,122.3772071
4936,37.82979325,122.3734472
4937,37.71218926,122.4159021
4938,37.71201268,122.4158787
4940,37.77090618,122.4402001
4941,37.77260153,122.4270394
4942,37.77249862,122.427349
4943,37.77080854,122.4405793
4944,37.77049641,122.443018
4945,37.77048858,122.4434988
4946,37.76982784,122.4484499
4947,37.76978724,122.4487097
4948,37.76948178,122.4508761
4949,37.76953639,122.450896
4950,37.77128125,122.4373796
4951,37.77129922,122.4367312
4952,37.77208832,122.4308967
4953,37.77209642,122.4305779
4954,37.77317289,122.422576
4955,37.77276916,122.4257368
4956,37.77015043,122.4454187
4958,37.77024447,122.4449826
4959,37.77294991,122.4242411
4960,37.77174151,122.4336669
4961,37.77167726,122.4338619
4962,37.76930576,122.4529558
4963,37.76920694,122.4531549
4964,37.75285754,122.4071628
4966,37.78422434,122.3953632
4967,37.78234415,122.3975247
4968,37.78051132,122.399884
4969,37.77889,122.4021764
4970,37.77711744,122.4044325
4971,37.77546121,122.4064978
4972,37.77389988,122.408429
4973,37.77235596,122.4104561
4976,37.71919339,122.3902381
4979,37.77468,122.4414798
4980,37.77467495,122.4413274
4981,37.77488952,122.43983
4982,37.77490289,122.4396339
4983,37.77644046,122.4281874
4984,37.77640763,122.4276938
4985,37.7742806,122.4443445
4986,37.77429918,122.4445134
4987,37.77371612,122.4492196
4988,37.7735484,122.4494838
4991,37.77515141,122.4380838
4992,37.77516827,122.4376373
4993,37.77602379,122.4314824
4994,37.77599485,122.4309674
4996,37.77704885,122.4232743
4997,37.77777552,122.416818
4998,37.77670402,122.426147
4999,37.77457647,122.4426788
5000,37.77452204,122.4428574
5001,37.77407812,122.4464604
5002,37.77405371,122.4458412
5003,37.77563419,122.4344153
5004,37.77557247,122.4343357
5005,37.77536671,122.436394
5006,37.77534316,122.4364201
5007,37.77323619,122.452514
5009,37.77321267,122.4540952
5011,37.77580814,122.4331369
5012,37.77579814,122.4326078
5013,37.77743448,122.4201524
5014,37.77622023,122.4299298
5015,37.77622557,122.4292297
5017,37.77032592,122.4298797
5018,37.77027245,122.4297516
5029,37.72524238,122.4081324
5030,37.72509675,122.4080294
5031,37.75398156,122.4410456
5032,37.75247086,122.4409284
5033,37.75171788,122.4410218
5034,37.72127983,122.4719017
5036,37.72141429,122.4732221
5037,37.72147866,122.4728056
5038,37.72183613,122.4502371
5039,37.71981738,122.4517158
5040,37.72068825,122.4510406
5041,37.74021233,122.3885176
5042,37.73468341,122.3831298
5043,37.73597533,122.3835198
5044,37.73247294,122.3799722
5045,37.73242061,122.3798399
5046,37.73755584,122.384334
5047,37.73750922,122.384293
5048,37.73892449,122.3862899
5049,37.73902549,122.3865269
5050,37.73327706,122.3819991
5051,37.73338585,122.3821174
5056,37.79027846,122.3938253
5057,37.79172333,122.3929219
5065,37.791152,122.4174408
5068,37.7928877,122.4178407
5071,37.77932806,122.41512
5079,37.78085098,122.4153743
5084,37.790205,122.4172436
5085,37.7918695,122.4175908
5087,37.7827162,122.4157552
5092,37.73822782,122.4065083
5093,37.73815697,122.406763
5094,37.73882176,122.4037307
5095,37.73947081,122.4010811
5096,37.73913641,122.4030279
5097,37.72996318,122.3720064
5098,37.72990933,122.3721486
5099,37.73091184,122.3737325
5100,37.73098624,122.3740632
5101,37.73197667,122.3756208
5102,37.73202333,122.3758311
5103,37.73296807,122.3772188
5104,37.73352809,122.3777586
5106,37.73072544,122.3803794
5107,37.73349168,122.3799255
5108,37.73326507,122.3799069
5110,37.72837929,122.3846736
5111,37.72734785,122.38563
5112,37.72714419,122.385773
5113,37.72613977,122.3868349
5114,37.72630974,122.3867109
5115,37.71703982,122.3893151
5116,37.71802446,122.3909919
5117,37.72920091,122.370114
5118,37.764495,122.4584871
5119,37.76431071,122.4608193
5120,37.76427824,122.4611212
5121,37.76419143,122.4639307
5122,37.76411706,122.4643612
5123,37.76401357,122.465995
5124,37.76448588,122.4581165
5125,37.71617329,122.4954845
5126,37.71610789,122.4954163
5129,37.71685908,122.4976633
5130,37.71674974,122.4974911
5131,37.71928118,122.5000007
5132,37.71872961,122.4998429
5134,37.71356043,122.4713669
5135,37.71073842,122.471389
5136,37.71462576,122.4719399
5138,37.73132804,122.4716275
5139,37.73145857,122.4720806
5140,37.71093476,122.4709322
5141,37.73423595,122.4715249
5142,37.79099458,122.4444996
5143,37.7912295,122.444318
5144,37.79294653,122.4311749
5145,37.7916525,122.4409379
5146,37.7916165,122.4412345
5147,37.79244006,122.4348787
5148,37.7937802,122.4245126
5149,37.79354612,122.4262151
5151,37.79456392,122.4182371
5153,37.79438683,122.4196105
5155,37.79314612,122.4295271
5157,37.7933449,122.4279
5158,37.7941801,122.4213244
5159,37.7903,122.4470776
5160,37.79189103,122.439285
5161,37.7915735,122.4395811
5162,37.79230103,122.4361297
5163,37.79229545,122.436359
5165,37.7939767,122.4227832
5166,37.7940034,122.4233784
5167,37.7926793,122.4335198
5170,37.71875588,122.478485
5171,37.72843629,122.4514261
5172,37.72831279,122.4512647
5173,37.80446822,122.4440001
5176,37.73982758,122.3914906
5177,37.74083953,122.3929944
5178,37.74070839,122.3928821
5179,37.74205109,122.3949838
5180,37.74173629,122.3947187
5181,37.74318266,122.3968752
5182,37.74285532,122.3968568
5185,37.78683634,122.4131347
5186,37.78779554,122.4133696
5187,37.7887002,122.4135647
5189,37.76238677,122.4620763
5190,37.76236887,122.4628219
5191,37.76231576,122.4642847
5192,37.7622381,122.4642271
5193,37.76223933,122.466498
5194,37.76226235,122.4665618
5195,37.76207714,122.469305
5196,37.76210176,122.4693118
5197,37.76191294,122.4724582
5198,37.76187571,122.4739357
5199,37.76175071,122.4767921
5200,37.76170875,122.4773025
5201,37.76158813,122.479975
5202,37.76155567,122.4811967
5203,37.76147067,122.483324
5204,37.7614225,122.4836494
5205,37.76132548,122.4865048
5206,37.76128938,122.4867431
5207,37.76117903,122.4897461
5208,37.76115563,122.489545
5209,37.76103258,122.4929716
5210,37.76099375,122.4932406
5211,37.76074903,122.4994516
5212,37.76072938,122.4991363
5213,37.76060903,122.5025897
5214,37.760572,122.5025967
5215,37.76046645,122.505801
5216,37.760432,122.5058113
5219,37.76203643,122.4703543
5220,37.76200353,122.4703965
5223,37.76032517,122.5076879
5224,37.76095323,122.4955155
5225,37.76086813,122.49593
5226,37.76489645,122.403371
5227,37.75436149,122.4025035
5228,37.75187804,122.4022877
5229,37.7509862,122.4020399
5232,37.73252343,122.3866079
5233,37.73242799,122.3866641
5235,37.77974133,122.389654
5236,37.77958765,122.3903218
5238,37.77630333,122.3936667
5242,37.73092089,122.3794372
5243,37.75094418,122.4611534
5244,37.74724468,122.4588356
5245,37.7485097,122.4590144
5247,37.74806438,122.4589958
5249,37.74409224,122.4563617
5250,37.74416093,122.456521
5253,37.75468431,122.4635727
5254,37.7431554,122.4555977
5255,37.74347276,122.4558146
5256,37.74605627,122.4580738
5257,37.80150743,122.4314011
5258,37.80133709,122.4312923
5259,37.77296261,122.4256238
5260,37.77681175,122.4263605
5261,37.78178027,122.4944904
5263,37.78863549,122.4827822
5272,37.79893179,122.4428042
5273,37.79906652,122.4429849
5274,37.79975221,122.4362762
5275,37.79995919,122.4359389
5276,37.80385926,122.4091367
5277,37.80347129,122.4080335
5278,37.80374926,122.4081722
5279,37.80347742,122.4065568
5280,37.80056077,122.43109
5281,37.800429,122.431407
5282,37.79852437,122.4471209
5283,37.79847497,122.4470046
5284,37.79935161,122.4394941
5285,37.79954715,122.439211
5286,37.80392258,122.4104448
5288,37.73085356,122.3813616
5289,37.73290556,122.3846071
5290,37.73142222,122.3820333
5291,37.7215856,122.4492649
5292,37.7203544,122.4501045
5293,37.7990906,122.4518289
5294,37.79918323,122.4517321
5295,37.76618351,122.4600722
5296,37.76608375,122.4624429
5297,37.76608896,122.4619705
5298,37.76598413,122.4645535
5299,37.76598519,122.4640065
5300,37.76578524,122.4666906
5301,37.76587839,122.4661547
5302,37.76587566,122.4688645
5303,37.76579057,122.4687374
5304,37.76568051,122.4731837
5305,37.76559724,122.4730856
5306,37.7655899,122.4754039
5307,37.76550852,122.4750842
5309,37.7655061,122.4777798
5310,37.76542212,122.4794098
5311,37.76528345,122.4795267
5312,37.76531254,122.4818271
5313,37.76520273,122.4816201
5314,37.76523219,122.483958
5315,37.76511405,122.4834041
5316,37.76512443,122.4861186
5317,37.76502826,122.4855376
5318,37.76502887,122.4882725
5319,37.76488562,122.4887537
5320,37.76489966,122.4904031
5321,37.76484174,122.4925351
5322,37.7647424,122.4919715
5323,37.76472626,122.4947024
5324,37.76410842,122.5073433
5325,37.76607649,122.4580235
5326,37.76578808,122.4709668
5327,37.76569103,122.4708876
5328,37.76417671,122.5100724
5329,37.76392408,122.5094612
5330,37.7307191,122.4314201
5331,37.79716054,122.4470595
5334,37.79060433,122.394601
5335,37.79216401,122.3954283
5336,37.79238685,122.3958859
5337,37.72113336,122.4031456
5338,37.72091292,122.4031051
5339,37.71963597,122.4088699
5340,37.71934,122.4090742
5341,37.72065367,122.4040816
5342,37.72084,122.404284
5343,37.7201705,122.4068897
5344,37.71985,122.4071243
5345,37.71845252,122.4145274
5346,37.71827267,122.4143086
5347,37.71873333,122.4188388
5348,37.71855383,122.4186431
5349,37.72142875,122.4012007
5350,37.72164347,122.4014504
5351,37.72038367,122.4050927
5352,37.72061765,122.4051982
5353,37.71899966,122.4113507
5354,37.71872667,122.4113653
5357,37.78507225,122.4095107
5381,37.77947119,122.4250262
5382,37.7794629,122.4256593
5384,37.77748704,122.4416054
5385,37.77734098,122.441907
5386,37.77764774,122.4399726
5387,37.77757326,122.4401241
5388,37.77697239,122.4447124
5389,37.77784969,122.4381824
5390,37.77777176,122.4385509
5391,37.77865289,122.4320729
5392,37.77863824,122.4314931
5393,37.77969979,122.4238192
5394,37.77963813,122.4237152
5395,37.78070829,122.4156336
5396,37.7806016,122.4159568
5397,37.78050677,122.4173691
5398,37.77933682,122.4266974
5399,37.77921995,122.4270033
5400,37.77826031,122.4349659
5401,37.77820093,122.4352029
5402,37.78028762,122.4190373
5403,37.78019777,122.4188318
5404,37.78008844,122.4206824
5405,37.78004585,122.419958
5406,37.77884778,122.4304881
5407,37.77888078,122.4296473
5420,37.7316805,122.4377691
5422,37.73163612,122.4396218
5423,37.73155164,122.4398254
5424,37.73162306,122.4419031
5425,37.7315494,122.4421054
5426,37.73160314,122.4445892
5427,37.73153154,122.4440041
5428,37.73157372,122.4464715
5429,37.73151138,122.4467531
5430,37.73018123,122.4615752
5431,37.73072373,122.4590697
5432,37.73159571,122.4491687
5433,37.7315119,122.4486458
5434,37.73146565,122.4513499
5435,37.7316037,122.4513868
5436,37.73009932,122.4618539
5437,37.73115432,122.4573659
5438,37.73093915,122.457688
5439,37.73159096,122.4532895
5440,37.73147359,122.4530948
5441,37.73047641,122.4604063
5442,37.73230017,122.4645503
5443,37.73198938,122.4640978
5444,37.73141566,122.4555666
5445,37.73129268,122.4557472
5446,37.71971513,122.4517651
5447,37.71961333,122.4507094
5450,37.73839697,122.4509746
5451,37.73831495,122.4509519
5452,37.73678384,122.4537244
5453,37.73779414,122.45151
5454,37.73777273,122.451729
5455,37.73925636,122.450601
5456,37.73922737,122.450538
5457,37.80278067,122.4432278
5458,37.80576627,122.4202086
5459,37.80569346,122.4205313
5460,37.80617316,122.4174373
5461,37.80629762,122.4164483
5464,37.80556074,122.4219339
5465,37.8054678,122.4221797
5466,37.80659274,122.4142062
5467,37.80668746,122.4131972
5468,37.80527998,122.4239596
5469,37.8053024,122.4234731
5470,37.80700331,122.4103622
5471,37.80696484,122.4107145
5472,37.80506149,122.4247821
5473,37.71548864,122.435274
5474,37.71253448,122.4373681
5475,37.71194095,122.4378605
5476,37.72254595,122.4299761
5477,37.71108762,122.4383253
5478,37.71770542,122.4335712
5479,37.71452654,122.4360198
5480,37.71401611,122.436521
5481,37.71611325,122.4348013
5482,37.71345626,122.4366824
5483,37.71331748,122.4369097
5484,37.71917561,122.4324493
5485,37.71182359,122.4378408
5486,37.73301783,122.3859448
5487,37.73295676,122.3859019
5488,37.73318892,122.3848276
5489,37.73321685,122.3849944
5490,37.73622682,122.391511
5491,37.73576712,122.3921952
5492,37.73519509,122.3927855
5495,37.7514941,122.4311165
5496,37.836208,122.502274
5497,37.836175,122.5025267
5500,37.73432646,122.3786733
5501,37.73752775,122.378802
5502,37.73656781,122.3778877
5503,37.73509726,122.3789769
5504,37.7349584,122.3773979
5505,37.74361923,122.3835438
5507,37.74259,122.3838554
5508,37.74257,122.383898
5509,37.74120462,122.3847169
5510,37.741333,122.384899
5511,37.78177614,122.5042567
5513,37.73771333,122.461352
5514,37.73787788,122.4612433
5515,37.7394854,122.4601198
5516,37.73934378,122.460285
5517,37.74014141,122.4593098
5518,37.74012833,122.459413
5519,37.7355776,122.4607863
5528,37.78971484,122.3970743
5529,37.78777159,122.3999301
5530,37.78798075,122.4001044
5531,37.7865349,122.4017937
5532,37.78598029,122.4023487
5533,37.78491296,122.4039613
5534,37.78429427,122.4044387
5535,37.78261938,122.4066366
5536,37.78246896,122.406837
5537,37.78123329,122.4084311
5538,37.78075327,122.408982
5539,37.77903004,122.4113544
5540,37.77722437,122.4135467
5541,37.77767672,122.4128245
5542,37.77648192,122.4143684
5543,37.7759516,122.4151717
5544,37.77424924,122.4171032
5545,37.77407461,122.4174533
5546,37.77047463,122.4197957
5547,37.76856445,122.4199361
5548,37.76794779,122.4200213
5549,37.76707118,122.4198502
5550,37.76623912,122.4197827
5551,37.76543761,122.4196085
5552,37.76469452,122.4196141
5553,37.76223513,122.4193448
5554,37.76157556,122.4193395
5555,37.76061775,122.4191695
5556,37.75988684,122.4191867
5557,37.75898774,122.4190501
5558,37.75828964,122.4190584
5559,37.75739969,122.418915
5560,37.75670508,122.4188963
5561,37.75577642,122.4187734
5562,37.75508567,122.4187072
5563,37.75425361,122.4186076
5564,37.75348588,122.4185732
5565,37.75259941,122.4184295
5566,37.75189249,122.4184495
5567,37.74942,122.4181405
5568,37.74867491,122.4181747
5569,37.74430728,122.4206779
5570,37.74373487,122.4211458
5571,37.74261871,122.4217561
5572,37.7424847,122.4220019
5573,37.73213165,122.4280321
5574,37.70891705,122.4522172
5575,37.71448847,122.4427298
5577,37.73902809,122.4238652
5578,37.7390426,122.4239804
5579,37.79101666,122.3958755
5580,37.73337478,122.4268137
5582,37.72452468,122.434879
5583,37.74118753,122.4226789
5584,37.74115231,122.4228281
5585,37.70746128,122.4564626
5586,37.7264405,122.4334257
5587,37.7459277,122.4196443
5588,37.70683635,122.4588425
5589,37.712916,122.4445639
5590,37.72640055,122.4336205
5591,37.7901583,122.3971308
5592,37.71615543,122.4413877
5593,37.71676255,122.4407417
5594,37.70740058,122.457056
5595,37.7127944,122.444528
5596,37.73757141,122.4239947
5597,37.73708655,122.4242251
5598,37.71922765,122.4390359
5599,37.71872096,122.4392667
5600,37.70952201,122.450819
5601,37.71170476,122.4458648
5602,37.7113762,122.4467059
5603,37.79220373,122.3949629
5604,37.7147111,122.4426423
5605,37.73400178,122.4260212
5607,37.72437477,122.4351219
5608,37.70965263,122.450135
5609,37.72132569,122.437439
5610,37.72340778,122.4357065
5611,37.74713648,122.4188656
5612,37.74696437,122.4190828
5613,37.73589116,122.4244605
5614,37.73568809,122.4246972
5615,37.72146223,122.4371856
5616,37.72288573,122.4362759
5619,37.70870762,122.4532426
5620,37.72859439,122.4313678
5621,37.72856261,122.4316199
5623,37.79225771,122.3943802
5624,37.73065761,122.4293187
5625,37.73052081,122.4296631
5626,37.74510938,122.420284
5627,37.71054267,122.4482312
5628,37.71026954,122.448515
5630,37.71073093,122.4356995
5631,37.71277917,122.4330514
5632,37.71119618,122.4381474
5633,37.7286255,122.3667531
5634,37.73692935,122.4322759
5638,37.79076214,122.4003077
5639,37.78938954,122.4012644
5640,37.78740318,122.4037496
5641,37.78808294,122.4030884
5642,37.7864629,122.4048924
5643,37.78546269,122.4062339
5644,37.7848817,122.4071343
5645,37.78386869,122.4083127
5646,37.78357575,122.4086806
5647,37.78196593,122.4106368
5648,37.78138284,122.4114286
5649,37.77994065,122.4132555
5650,37.78031094,122.4127455
5651,37.77867008,122.4150671
5652,37.7775325,122.4166823
5653,37.76569813,122.4314065
5654,37.76391317,122.4335195
5655,37.7842,122.4078966
5656,37.78066835,122.4122657
5657,37.79122424,122.3989006
5658,37.7929453,122.3973365
5659,37.7698024,122.4261444
5661,37.7678625,122.4291542
5662,37.76729833,122.4291925
5663,37.75850273,122.4439491
5665,37.76245226,122.4354203
5667,37.76231254,122.4359381
5668,37.7688969,122.4271724
5669,37.7935533,122.3960992
5671,37.79197101,122.3978544
5672,37.773236,122.421816
5673,37.77294517,122.4220469
5674,37.78626102,122.4048605
5675,37.77057724,122.4250486
5676,37.77891938,122.4145219
5678,37.78799453,122.4033342
5679,37.77766274,122.416133
5680,37.77770122,122.4161193
5681,37.7709512,122.4246912
5683,37.78280741,122.4096224
5684,37.78866553,122.4023884
5685,37.78873045,122.4023036
5687,37.76398623,122.4333567
5688,37.78467989,122.4071575
5689,37.78986425,122.4005662
5690,37.76623833,122.4311425
5691,37.76572419,122.4312348
5692,37.77490842,122.4195331
5693,37.79427561,122.3948297
5694,37.78587659,122.4055408
5695,37.78239362,122.4100575
5696,37.77535747,122.4189857
5697,37.75379679,122.4504332
5698,37.72136038,122.4275971
5699,37.72287313,122.4264728
5700,37.716686,122.4311514
5702,37.71513114,122.4323218
5703,37.71981075,122.4287386
5704,37.76755494,122.4448731
5705,37.7759326,122.4465952
5706,37.77568679,122.4464033
5707,37.77752179,122.4467824
5708,37.7774222,122.4468965
5709,37.78206367,122.4473173
5710,37.78201825,122.4475792
5711,37.76988908,122.4454891
5712,37.77034886,122.4454714
5713,37.77047269,122.4453749
5714,37.77416814,122.4460975
5715,37.77405987,122.4462673
5716,37.77199731,122.4456674
5717,37.77178329,122.4457535
5718,37.77889994,122.4470448
5719,37.7788126,122.4471779
5720,37.83203,122.533596
5721,37.83191286,122.5308914
5722,37.83181,122.5363967
5732,37.74671579,122.4314781
5733,37.74651841,122.4313934
5734,37.74518584,122.4313241
5735,37.74494636,122.4312347
5736,37.7435305,122.4311682
5737,37.74329336,122.431088
5738,37.7420191,122.4309794
5739,37.75533321,122.4730986
5741,37.75404133,122.482815
5742,37.75389929,122.4830716
5744,37.75380071,122.4852302
5745,37.75390814,122.4859979
5746,37.75372224,122.4873089
5747,37.75376485,122.4891999
5748,37.75362729,122.4895008
5751,37.75362091,122.4923632
5752,37.75348294,122.4926556
5753,37.75339663,122.4968008
5754,37.75323906,122.4980248
5755,37.75333837,122.4988585
5756,37.75313341,122.50021
5757,37.75322626,122.5010403
5758,37.7530531,122.5022935
5759,37.75310879,122.5035485
5760,37.75298774,122.5044768
5761,37.75301566,122.5057134
5762,37.75293655,122.5055432
5763,37.7528699,122.5078364
5764,37.7535098,122.4950116
5765,37.75333953,122.4955312
5766,37.73024989,122.3744696
5767,37.73105411,122.3771649
5768,37.73169456,122.378983
5769,37.74019944,122.4113876
5770,37.73994289,122.411443
5772,37.775112,122.421865
5774,37.74197935,122.4033913
5775,37.72945609,122.3813825
5776,37.72826281,122.3793831
5777,37.73017719,122.3827258
5779,37.72854714,122.46793
5780,37.72837769,122.4677169
5781,37.72289716,122.4474154
5782,37.7236704,122.438594
5783,37.72358196,122.4385085
5785,37.722965,122.450925
5786,37.72726,122.466725
5787,37.72496154,122.4610208
5788,37.72601846,122.4641231
5790,37.72307614,122.4499443
5791,37.72289792,122.4493289
5792,37.73099692,122.4714777
5793,37.72504231,122.4613385
5794,37.72344414,122.4539513
5795,37.72346358,122.4543054
5796,37.72391815,122.4358039
5797,37.72436,122.4582438
5798,37.72436077,122.4583615
5800,37.72328266,122.4412461
5801,37.72385598,122.4359399
5804,37.72303202,122.4451025
5805,37.72292736,122.4444237
5806,37.72993071,122.4695957
5807,37.72999923,122.4694515
5808,37.72618,122.46453
5809,37.72726231,122.4665492
5810,37.7867758,122.4056898
5811,37.78550549,122.4159286
5813,37.78526504,122.4181547
5814,37.78568391,122.4143493
5817,37.78646964,122.4083737
5818,37.78472405,122.4215029
5820,37.75512929,122.455507
5821,37.7516175,122.4560464
5822,37.75131018,122.4544002
5823,37.75124125,122.4532811
5824,37.75118161,122.4523607
5825,37.71336,122.46258
5826,37.75296484,122.4656881
5827,37.75281675,122.4665004
5828,37.75098929,122.5075625
5829,37.74444521,122.450652
5830,37.74165324,122.4459133
5831,37.74127409,122.445787
5832,37.7367269,122.4429982
5833,37.73652431,122.4433061
5834,37.74508321,122.4513726
5835,37.77105754,122.4202517
5836,37.77286518,122.4190723
5837,37.79694457,122.4066901
5838,37.79551094,122.418138
5839,37.79545548,122.4184727
5840,37.79591906,122.4148551
5841,37.79587538,122.4151909
5842,37.79712759,122.4051472
5843,37.79528974,122.4198227
5844,37.79522481,122.4200854
5845,37.79572256,122.4165075
5846,37.79565808,122.4168041
5847,37.7963453,122.4115926
5848,37.79628981,122.4118568
5849,37.79728931,122.4035356
5850,37.79509466,122.4214652
5851,37.79507954,122.4213815
5852,37.79654197,122.4099291
5853,37.7965076,122.4102543
5854,37.79744183,122.4023149
5855,37.79671906,122.4082584
5856,37.79611444,122.4132638
5857,37.79607981,122.4135287
5858,37.79488692,122.4229812
5859,37.79485555,122.422838
5860,37.7742669,122.4210442
5863,37.73392952,122.3907175
5864,37.73381049,122.39064
5865,37.72802672,122.3802341
5866,37.72866828,122.3814872
5867,37.73945395,122.4005741
5868,37.72942094,122.3828056
5869,37.72987438,122.3835422
5870,37.73071438,122.3852139
5871,37.73083625,122.3853738
5872,37.73177453,122.3870848
5873,37.73205895,122.3874062
5874,37.73190571,122.387292
5875,37.73289256,122.3889406
5876,37.73295384,122.3891419
5877,37.73508403,122.3929184
5878,37.73501851,122.3927612
5879,37.73607174,122.3945301
5880,37.73614787,122.3947912
5881,37.73711635,122.3964059
5882,37.73728231,122.3967965
5883,37.73819641,122.3982848
5884,37.73826778,122.3985284
5885,37.7627309,122.4606708
5886,37.76268136,122.4606442
5887,37.76328399,122.4586522
5888,37.76333063,122.4582652
5889,37.76489429,122.4500077
5890,37.76487303,122.4499533
5891,37.76378965,122.456917
5892,37.76374089,122.4568409
5893,37.76474445,122.4510538
5894,37.76467193,122.4513319
5895,37.76452455,122.452825
5896,37.76448718,122.4527258
5897,37.7643171,122.4545385
5898,37.76428801,122.4543012
5899,37.72364652,122.4006847
5900,37.72252263,122.3962939
5901,37.72320809,122.3989527
5902,37.72294248,122.3978703
5903,37.72278263,122.3973831
5904,37.72384263,122.4015446
5905,37.7234437,122.4001487
5906,37.7201408,122.4296051
5907,37.72006417,122.4295162
5908,37.71777442,122.4225614
5909,37.71789733,122.4228017
5910,37.72157658,122.4326874
5911,37.721671,122.4329702
5912,37.72307475,122.4358262
5913,37.72298267,122.4357533
5914,37.71966363,122.428676
5915,37.71975025,122.4289353
5916,37.72082425,122.4311148
5917,37.72091358,122.4313762
5918,37.72235475,122.4343222
5919,37.72243,122.4345512
5920,37.71890292,122.427079
5921,37.71898805,122.4273853
5922,37.72407462,122.4522628
5923,37.72393413,122.4524435
5924,37.72768006,122.4522031
5925,37.7278028,122.4523269
5926,37.72372043,122.4536582
5927,37.72367831,122.453519
5928,37.72598735,122.4522954
5929,37.72551533,122.4524598
5930,37.72915058,122.4009169
5931,37.72917363,122.400922
5932,37.72854012,122.4015295
5933,37.72800413,122.4023688
5934,37.73973625,122.3915023
5935,37.73803311,122.3929484
5936,37.73791516,122.3930308
5937,37.73684328,122.3940248
5938,37.73673469,122.3940952
5939,37.73616967,122.3944484
5940,37.73022058,122.3999677
5941,37.79217043,122.4001148
5943,37.79271174,122.398637
5944,37.79196056,122.4019031
5946,37.77717446,122.4719651
5947,37.77649719,122.472154
5948,37.78410215,122.4727006
5949,37.78467732,122.4724644
5950,37.77348834,122.4717225
5951,37.77332705,122.4719585
5952,37.78023719,122.4724274
5953,37.78106273,122.472244
5954,37.71334738,122.4559268
5955,37.71743277,122.3872578
5958,37.719909,122.4561109
5960,37.72015857,122.456204
5961,37.72196167,122.4561869
5962,37.72175298,122.4561543
5963,37.71839613,122.4561385
5964,37.71836852,122.456164
5965,37.71501667,122.4561107
5966,37.71481095,122.4558471
5967,37.73199994,122.4578122
5968,37.7320452,122.4579783
5971,37.71651345,122.4557918
5972,37.7164842,122.4561293
5973,37.7312076,122.4574869
5974,37.72370223,122.4561398
5975,37.72364252,122.4561929
5976,37.71168881,122.4560887
5977,37.71160222,122.4561015
5978,37.71756296,122.4561442
5979,37.71773175,122.4561244
5980,37.73265052,122.4584522
5981,37.75355,122.4526914
5982,37.74938982,122.4520657
5983,37.79624629,122.421833
5984,37.79571628,122.4217689
5985,37.79078896,122.4208251
5986,37.7907357,122.4207337
5987,37.80358194,122.4234146
5988,37.8033976,122.4234239
5989,37.79775443,122.4221608
5990,37.80160563,122.4230684
5991,37.80149474,122.4229441
5992,37.80493101,122.4236584
5993,37.78507387,122.4195356
5994,37.79523167,122.421608
5995,37.78942396,122.4205879
5996,37.78941161,122.420516
5997,37.78663563,122.4198913
5998,37.78660323,122.4198704
5999,37.79167563,122.4209492
6000,37.79193191,122.4209619
6001,37.78793979,122.4201963
6002,37.78791312,122.420161
6003,37.79894969,122.422374
6004,37.79885979,122.4223993
6005,37.79702277,122.4220289
6006,37.7934399,122.4212798
6007,37.7936483,122.4213201
6008,37.75011552,122.4436416
6009,37.74904276,122.4438369
6010,37.74709525,122.4451008
6011,37.73957584,122.4652804
6012,37.74720833,122.4444078
6013,37.74208897,122.4559238
6014,37.74008329,122.4633372
6015,37.74647341,122.4479963
6016,37.78745592,122.4180299
6017,37.78786219,122.4148079
6018,37.7860808,122.4272693
6019,37.78924865,122.4026711
6020,37.78619747,122.4262668
6021,37.78724545,122.4196288
6022,37.78861911,122.4081397
6023,37.78834562,122.4114784
6024,37.78697812,122.4212375
6026,37.76607284,122.4075707
6027,37.76548494,122.4076593
6028,37.76472683,122.4074176
6029,37.76420634,122.4075195
6030,37.761864,122.4071138
6031,37.76166879,122.4072733
6032,37.7596225,122.4068883
6033,37.7591232,122.4070266
6034,37.75750713,122.4068625
6035,37.75719348,122.4066412
6036,37.7559647,122.406703
6037,37.75401635,122.4065268
6038,37.75334699,122.4062895
6039,37.75267651,122.406415
6040,37.75163415,122.4061149
6041,37.75111474,122.4061284
6042,37.76837083,122.407835
6043,37.76842233,122.4080425
6045,37.80567819,122.4119047
6046,37.807917,122.4123933
6054,37.80126684,122.4111029
6055,37.80497106,122.4118377
6056,37.80476156,122.4117603
6060,37.80289889,122.4113517
6061,37.80282282,122.4114074
6065,37.80658452,122.4120906
6066,37.80640121,122.4120999
6080,37.71011646,122.4351305
6081,37.7100666,122.4368105
6082,37.71907,122.4270977
6083,37.71881642,122.4273853
6084,37.71766136,122.4283402
6085,37.71758625,122.42834
6086,37.75035485,122.445739
6087,37.7524096,122.4461758
6088,37.78745064,122.446846
6089,37.78684658,122.4466048
6090,37.78901669,122.4472122
6091,37.78895074,122.4471574
6092,37.78278867,122.4458927
6093,37.78273861,122.4460491
6094,37.7909568,122.4476015
6095,37.79074086,122.4474799
6096,37.78619468,122.4465745
6097,37.78635973,122.4466833
6098,37.78464787,122.4462417
6099,37.78435901,122.4463164
6104,37.79884787,122.4523162
6106,37.79645703,122.4514026
6107,37.7967246,122.4516169
6109,37.7797013,122.5028352
6111,37.77995802,122.5050209
6112,37.74635724,122.4476037
6113,37.74327114,122.4551351
6114,37.7428591,122.4552583
6115,37.74599818,122.4497927
6116,37.74040203,122.46107
6117,37.74028897,122.460864
6118,37.74096103,122.4575918
6119,37.75482388,122.4064154
6120,37.73993338,122.4635622
6121,37.74533825,122.4519033
6122,37.74176279,122.4566515
6123,37.74533696,122.4523494
6124,37.78655395,122.4241897
6125,37.78885861,122.4059039
6126,37.78765081,122.4164776
6127,37.78810179,122.4130277
6129,37.77998284,122.5074673
6135,37.74898152,122.4685273
6136,37.7489961,122.4685097
6137,37.74901107,122.4731289
6139,37.74867951,122.4741723
6140,37.74869311,122.4758102
6141,37.74856726,122.4761992
6142,37.74854,122.4792139
6143,37.74848377,122.4794226
6144,37.74844525,122.4813223
6145,37.74839607,122.4815759
6146,37.74834984,122.4834254
6147,37.74831148,122.4835489
6148,37.74829918,122.484587
6149,37.74824459,122.4847997
6150,37.74825328,122.4856264
6151,37.74820738,122.4858641
6152,37.74819033,122.4866615
6153,37.74814492,122.4869102
6154,37.74812424,122.4888564
6155,37.74806424,122.4890848
6156,37.74803455,122.4908752
6157,37.74796394,122.4911467
6158,37.74794606,122.4931394
6159,37.74787,122.4934073
6160,37.74780667,122.4944315
6161,37.74755265,122.4978506
6162,37.74765848,122.4995921
6163,37.74758882,122.4998482
6164,37.74754182,122.5020518
6165,37.74743912,122.5030779
6166,37.74741515,122.5048997
6167,37.74730424,122.50702
6168,37.74905767,122.4675916
6169,37.74913264,122.4671023
6170,37.74893741,122.4694447
6171,37.74892711,122.4695138
6172,37.71431,122.46701
6173,37.71428,122.46725
6174,37.71436,122.46331
6175,37.71431,122.46365
6177,37.73827768,122.4266725
6181,37.80051313,122.4474705
6182,37.80027365,122.4467924
6184,37.73095392,122.3951306
6185,37.72983174,122.3952553
6186,37.7561028,122.4018247
6187,37.76745655,122.4028989
6188,37.76726588,122.4028225
6189,37.76639405,122.4026719
6190,37.76620528,122.4028027
6191,37.76487155,122.4025939
6192,37.76204194,122.4023861
6193,37.76094548,122.4022946
6195,37.75947086,122.4021488
6196,37.75692204,122.4019035
6197,37.75440204,122.4016763
6198,37.75345425,122.4015707
6199,37.752065,122.4014255
6200,37.75079872,122.4011902
6201,37.76879458,122.403053
6202,37.76867236,122.4029498
6203,37.76332183,122.4024878
6204,37.75847151,122.4020562
6208,37.74423311,122.4106033
6209,37.74425112,122.4105974
6210,37.74433567,122.4130166
6211,37.74429157,122.4130213
6212,37.73136005,122.4298548
6228,37.74013212,122.4504739
6229,37.7407432,122.4494594
6230,37.7644896,122.4431066
6231,37.76454708,122.443054
6232,37.76704,122.4372448
6233,37.76658354,122.4395017
6234,37.7620694,122.4453652
6235,37.76208438,122.4452802
6236,37.763955,122.4431806
6237,37.7637652,122.4433476
6238,37.7631836,122.4438802
6239,37.76324729,122.4438038
6240,37.76547833,122.441165
6241,37.7180635,122.4298209
6242,37.71820268,122.4301188
6243,37.71245774,122.4073426
6245,37.74594088,122.4953615
6246,37.7456025,122.5051961
6248,37.73234259,122.3913358
6249,37.73214263,122.3911198
6250,37.72861925,122.3846561
6251,37.72952188,122.3863362
6252,37.72965139,122.3865095
6253,37.73160753,122.3900239
6254,37.73170705,122.3902876
6257,37.71445,122.45209
6259,37.71436,122.45224
6263,37.7209,122.446725
6265,37.716135,122.450515
6266,37.71611,122.45046
6268,37.71831,122.44874
6269,37.71943,122.44763
6276,37.722955,122.44519
6283,37.71076586,122.4576552
6290,37.79412674,122.4002106
6291,37.79031878,122.4306187
6292,37.79022385,122.4308246
6293,37.7869397,122.456581
6294,37.79460555,122.3977151
6295,37.7898346,122.4343474
6296,37.78979937,122.4337751
6297,37.79113119,122.423988
6298,37.79089782,122.42605
6299,37.79328042,122.4062657
6300,37.79195414,122.417492
6301,37.79232324,122.4141137
6302,37.79348833,122.4047503
6303,37.79170809,122.4194672
6304,37.79214947,122.4157802
6305,37.79054424,122.4289238
6306,37.79045208,122.4291732
6307,37.79368969,122.403006
6309,37.79072889,122.4274025
6310,37.79069145,122.4271804
6311,37.79151882,122.421151
6312,37.79295624,122.4091211
6313,37.78769682,122.4467018
6314,37.79392068,122.4016152
6315,37.79262352,122.4117601
6316,37.79318544,122.4075526
6317,37.79135324,122.4222397
6318,37.78816684,122.4478168
6319,37.79009893,122.4322991
6320,37.78998245,122.4325641
6321,37.71144494,122.4616079
6322,37.7114521,122.458938
6323,37.71130524,122.4591371
6324,37.71129762,122.46194
6326,37.79333522,122.4009809
6327,37.79312714,122.4011382
6328,37.79450153,122.4014591
6329,37.8015025,122.4028675
6331,37.79766429,122.4020314
6332,37.79209389,122.4010734
6333,37.79424697,122.4014296
6334,37.79053328,122.4005276
6336,37.7996525,122.40254
6337,37.79595291,122.4017544
6339,37.71192503,122.4187064
6340,37.71179659,122.4187068
6343,37.70864757,122.4199339
6344,37.70853452,122.4200023
6345,37.70986762,122.4193816
6346,37.71002755,122.4193626
6348,37.71476268,122.4006086
6350,37.71474908,122.400483
6352,37.71252064,122.4023041
6355,37.72793173,122.4036716
6357,37.72739022,122.4035588
6358,37.72415895,122.4022417
6359,37.7301596,122.404721
6360,37.72127956,122.4009468
6361,37.72172472,122.4012141
6362,37.72424087,122.4021331
6363,37.72367467,122.4019148
6364,37.73206116,122.4053639
6365,37.73217447,122.4055515
6366,37.71382373,122.4020528
6367,37.73028047,122.4046558
6368,37.71935852,122.4004499
6369,37.71907861,122.400479
6370,37.71698572,122.3998602
6371,37.71675373,122.3999423
6372,37.7253387,122.4027065
6373,37.72637188,122.4030315
6374,37.73328638,122.4656776
6375,37.73470952,122.4663662
6376,37.80306356,122.4418931
6382,37.70938725,122.4119375
6383,37.70909543,122.4120216
6384,37.70663775,122.4132115
6385,37.70694573,122.4129931
6386,37.71047011,122.4113494
6387,37.7103799,122.411459
6388,37.70827646,122.4120929
6389,37.70809157,122.4125199
6391,37.71019531,122.4545191
6393,37.729771,122.433009
6394,37.7297063,122.4330821
6395,37.73455556,122.4021903
6396,37.73088688,122.4108226
6397,37.73309343,122.4043809
6398,37.72913361,122.4193851
6399,37.72905507,122.4191463
6400,37.73328583,122.4042548
6401,37.728695,122.4258784
6402,37.7286321,122.426102
6404,37.72997703,122.4130736
6405,37.72986618,122.4135253
6406,37.72887319,122.4226493
6407,37.72881326,122.4227911
6408,37.73102768,122.4102215
6410,37.72853601,122.4288702
6411,37.73152979,122.4088482
6412,37.73140007,122.4090228
6413,37.72886325,122.4316003
6414,37.72873021,122.4310619
6415,37.72863898,122.4310387
6416,37.73710971,122.3968199
6417,37.72905361,122.4160834
6418,37.72888725,122.4163175
6419,37.73636536,122.3987124
6420,37.73633313,122.3989076
6421,37.7323685,122.4057834
6422,37.73241257,122.4059813
6424,37.73533521,122.4009205
6425,37.7850973,122.4240548
6426,37.75124375,122.4500239
6427,37.74903786,122.4506148
6428,37.74988268,122.4502646
6429,37.72822387,122.5016124
6430,37.72682026,122.5024474
6431,37.72631813,122.5023185
6432,37.73120427,122.4992965
6433,37.7335544,122.4969655
6434,37.7331537,122.4974599
6435,37.73478556,122.4745894
6436,37.73453386,122.4753861
6437,37.73472937,122.4771998
6438,37.73452036,122.4773095
6439,37.73445214,122.479595
6440,37.73434339,122.4821029
6441,37.73407797,122.4915745
6442,37.73398063,122.4936483
6443,37.73381768,122.493428
6444,37.73377357,122.494665
6445,37.7339925,122.496785
6446,37.73460561,122.4993286
6447,37.73417583,122.4989612
6448,37.73530727,122.501389
6449,37.73484053,122.5007216
6450,37.73561691,122.5034543
6451,37.73528461,122.5026548
6453,37.73544915,122.5049261
6454,37.73388625,122.4917232
6455,37.73418203,122.4892556
6456,37.73462048,122.4801017
6457,37.73429625,122.4862375
6458,37.73397821,122.4896866
6459,37.7342586,122.4837567
6460,37.73453635,122.482163
6461,37.73370589,122.4968682
6462,37.73417161,122.4858193
6463,37.73445825,122.4840281
6464,37.73485317,122.47194
6465,37.73455967,122.4717555
6467,37.745106,122.47057
6468,37.74514515,122.4734958
6469,37.71071559,122.4317507
6470,37.71209979,122.4322838
6471,37.71131699,122.4318417
6472,37.71160513,122.4321242
6473,37.77357014,122.4186617
6475,37.79357249,122.3956702
6478,37.76656079,122.4530908
6479,37.77443985,122.4546922
6480,37.77279179,122.4542388
6481,37.77282896,122.4543199
6482,37.77085507,122.4538237
6483,37.7684026,122.4534434
6484,37.71031049,122.4692644
6485,37.70877457,122.4691684
6486,37.78897123,122.4357165
6487,37.79583872,122.4369479
6488,37.79594444,122.4369835
6489,37.78936974,122.4355397
6490,37.79674774,122.437066
6491,37.79671418,122.4371185
6492,37.79489708,122.4367525
6493,37.7949572,122.4367819
6494,37.79154867,122.4358962
6497,37.79383458,122.394065
6498,37.79331062,122.3936487
6501,37.79426268,122.394511
6503,37.73502467,122.471366
6504,37.73478845,122.4664002
6505,37.73490683,122.46784
6506,37.73481793,122.4680633
6507,37.73481524,122.4695662
6508,37.73476724,122.4697962
6509,37.73192914,122.4312469
6511,37.79372933,122.4079509
6512,37.79915959,122.4089449
6513,37.79917811,122.4088605
6515,37.80146368,122.4093884
6516,37.787594,122.40992
6517,37.80240632,122.4095742
6518,37.80218226,122.4095426
6519,37.80313516,122.4096526
6520,37.7963116,122.4083793
6521,37.79713827,122.4085629
6522,37.79336653,122.4077853
6523,37.78989822,122.4070356
6524,37.78988064,122.407142
6525,37.80061263,122.4092079
6526,37.79531131,122.4081704
6527,37.76258826,122.4957466
6528,37.76251896,122.495999
6529,37.76105716,122.4958827
6530,37.76072901,122.4956655
6531,37.7591394,122.4957447
6532,37.75884711,122.495536
6533,37.73035397,122.4932626
6534,37.72998488,122.4933181
6535,37.75727214,122.4956132
6536,37.75699934,122.4954058
6537,37.7554453,122.4954934
6538,37.7551124,122.495275
6539,37.75353925,122.4953738
6540,37.75325736,122.4951365
6541,37.73201298,122.4938775
6542,37.73177545,122.4936311
6543,37.75177736,122.495041
6544,37.75130592,122.495221
6545,37.74979725,122.4950953
6546,37.74956165,122.4948838
6547,37.74801521,122.4947726
6548,37.74761039,122.4949288
6549,37.74612105,122.4948662
6550,37.74580959,122.494623
6551,37.73337347,122.4937468
6552,37.73300149,122.4939525
6553,37.74423183,122.4946998
6554,37.74392083,122.4944923
6555,37.74238958,122.4945765
6556,37.74206066,122.4943592
6557,37.74020256,122.4942283
6558,37.740154,122.4944178
6559,37.73863083,122.4943124
6560,37.73834529,122.4940925
6561,37.73680608,122.494188
6562,37.73650223,122.4939553
6563,37.73483347,122.4938386
6564,37.73475355,122.4940718
6565,37.7127401,122.4194224
6566,37.71294158,122.4199147
6567,37.71341351,122.421401
6568,37.71321535,122.4209967
6569,37.70914167,122.4055257
6570,37.7101077,122.4094801
6571,37.71015755,122.4096589
6573,37.71105453,122.4129449
6575,37.71390467,122.4231119
6576,37.70988621,122.4085952
6577,37.71227751,122.4181358
6578,37.71221901,122.4175272
6580,37.71147491,122.414454
6582,37.71065566,122.4115232
6583,37.70938981,122.4067347
6584,37.70937638,122.407011
6585,37.78503489,122.4431411
6586,37.784695,122.4432879
6587,37.78665743,122.4299307
6588,37.786612,122.4297589
6589,37.78545022,122.4399353
6590,37.78539975,122.4395983
6591,37.78625648,122.4330865
6592,37.78618935,122.4328691
6593,37.7872062,122.4250041
6594,37.78817686,122.4170917
6595,37.78862257,122.4137877
6596,37.78953826,122.4044314
6597,37.78799706,122.4186241
6598,37.78839697,122.4154783
6599,37.78682643,122.4286411
6600,37.78672908,122.4284784
6601,37.78902435,122.4103775
6602,37.78706986,122.4270975
6603,37.78783691,122.420349
6604,37.78921653,122.4088095
6605,37.78438237,122.4459666
6606,37.78998197,122.4014173
6607,37.78567818,122.4380761
6608,37.7855075,122.4383798
6609,37.78605182,122.4349491
6610,37.785911,122.4350528
6611,37.78941413,122.4070569
6612,37.78881754,122.4120922
6613,37.78765052,122.4216344
6614,37.74319,122.473284
6615,37.743115,122.4738783
6616,37.743092,122.475506
6617,37.74302167,122.47593
6618,37.74295,122.478972
6619,37.74292333,122.4782767
6620,37.742898,122.480442
6621,37.74280167,122.4812167
6622,37.742768,122.483066
6623,37.74269667,122.4833567
6624,37.742672,122.485246
6625,37.74263167,122.4853633
6626,37.742578,122.487438
6627,37.742525,122.4876733
6628,37.74249,122.489632
6629,37.74243167,122.489765
6630,37.742354,122.492614
6631,37.74228833,122.4929467
6632,37.742114,122.497982
6633,37.74204833,122.498245
6634,37.742014,122.500232
6635,37.74196667,122.50026
6636,37.74087833,122.5027317
6637,37.74186833,122.5024967
6638,37.741828,122.504274
6640,37.742292,122.494148
6641,37.742195,122.4947483
6651,37.80196032,122.4056445
6652,37.80280935,122.4064852
6653,37.80293897,122.4083897
6655,37.80239484,122.4061955
6656,37.80198023,122.4073505
6657,37.7628773,122.3898624
6658,37.73681696,122.4461007
6659,37.73667586,122.4460922
6660,37.73409107,122.4464589
6661,37.73408089,122.4465779
6662,37.73778596,122.4462846
6663,37.73885036,122.4464616
6664,37.73880965,122.4464456
6665,37.74301368,122.4511639
6666,37.73574321,122.4461304
6667,37.73421179,122.4487752
6668,37.73560036,122.4461832
6669,37.74352071,122.4512782
6670,37.73985714,122.4477445
6671,37.739955,122.4479471
6672,37.74190982,122.450295
6673,37.74182,122.4502344
6675,37.73760893,122.4462571
6676,37.74257393,122.4507557
6677,37.74508321,122.4521411
6678,37.74089018,122.4495755
6679,37.74065357,122.449262
6680,37.73448036,122.4454346
6681,37.73463439,122.4455911
6684,37.81623153,122.3714771
6685,37.81638643,122.371989
6686,37.74390111,122.398876
6687,37.74387781,122.3988756
6688,37.74230891,122.4003948
6689,37.74165806,122.40104
6690,37.74118484,122.4015777
6691,37.77897737,122.3925467
6692,37.77871472,122.3929543
6694,37.77720698,122.3947719
6695,37.77690246,122.3951489
6696,37.77545347,122.3971322
6697,37.77521596,122.3973435
6698,37.77365367,122.3994116
6699,37.77357544,122.3994672
6700,37.77171649,122.4017456
6701,37.77161306,122.4019871
6702,37.73328415,122.3977587
6703,37.73177988,122.3954446
6704,37.73117105,122.3952641
6705,37.73204724,122.3958749
6706,37.73086944,122.4269061
6707,37.73086138,122.4263086
6708,37.73102172,122.4219545
6709,37.7772025,122.4582622
6710,37.77950971,122.4424294
6711,37.77927109,122.4421608
6712,37.77962525,122.4403624
6713,37.7794487,122.4405746
6714,37.77810224,122.4518849
6715,37.77807944,122.4513143
6716,37.77926933,122.445467
6717,37.77915018,122.4455939
6718,37.78259756,122.4158941
6719,37.78300754,122.4126412
6720,37.78242429,122.4170808
6721,37.78281744,122.4142713
6722,37.77920495,122.4435475
6723,37.77907564,122.4437699
6724,37.77877744,122.4476291
6725,37.7788372,122.4472561
6726,37.78206,122.4191845
6727,37.77792816,122.4532717
6728,37.77776707,122.4535967
6729,37.77832264,122.4494455
6730,37.77837488,122.4497914
6731,37.77764683,122.4554757
6732,37.77759333,122.4550288
6733,37.7832938,122.4099108
6734,37.78188136,122.4209927
6735,37.74093143,122.4870924
6736,37.74150342,122.4684387
6737,37.74147024,122.4689717
6738,37.74122818,122.4663445
6739,37.74095314,122.4657384
6744,37.74093333,122.4660707
6745,37.79602461,122.4452009
6746,37.79583175,122.4454771
6748,37.79748505,122.4322053
6750,37.80032429,122.4099965
6751,37.8002382,122.4105452
6752,37.79625735,122.4420606
6753,37.79624786,122.4421557
6754,37.79710781,122.4358398
6755,37.7970944,122.4352175
6756,37.79819507,122.4272357
6757,37.79812923,122.4271699
6758,37.80067947,122.4075405
6759,37.80063316,122.4077116
6760,37.7992565,122.4189029
6761,37.79889645,122.4191561
6762,37.79966098,122.415664
6763,37.79932308,122.4157982
6764,37.80086632,122.4059863
6765,37.80084579,122.40608
6766,37.79904525,122.4206247
6767,37.79873787,122.4204458
6768,37.79942098,122.4176232
6769,37.7991409,122.4174905
6770,37.79777737,122.4304431
6771,37.7976891,122.4305929
6772,37.79578634,122.4466545
6773,37.80007577,122.4123198
6774,37.79999822,122.4125962
6776,37.80102895,122.4045489
6777,37.79667603,122.4389269
6778,37.79664507,122.438938
6779,37.79877448,122.4226357
6780,37.7984563,122.4223838
6781,37.7969068,122.4373405
6782,37.80047774,122.4093861
6783,37.79985571,122.4140337
6785,37.79954493,122.4141626
6786,37.79855995,122.4244496
6787,37.79850086,122.4241159
6788,37.7251647,122.4135541
6789,37.725007,122.4134576
6792,37.72738289,122.4145505
6793,37.72292072,122.4124993
6796,37.7657744,122.4427778
6797,37.7653596,122.443236
6798,37.79604553,122.4234053
6799,37.7906009,122.4224333
6800,37.80251881,122.4247007
6801,37.80241526,122.4249029
6803,37.79240476,122.4226711
6804,37.78311206,122.4208844
6805,37.78251577,122.4207684
6806,37.80436719,122.4250404
6807,37.7857425,122.4213725
6808,37.78582514,122.4214861
6809,37.80054794,122.4243923
6810,37.80026439,122.4244017
6811,37.77858287,122.419848
6812,37.77789885,122.4199414
6813,37.79418727,122.4230793
6814,37.79369603,122.4231185
6815,37.77989975,122.4200787
6816,37.7797029,122.4203021
6817,37.77568246,122.4193915
6819,37.804784,122.4253542
6821,37.77552764,122.4192788
6823,37.78494741,122.4212153
6824,37.78451561,122.4211929
6825,37.79492783,122.4233689
6826,37.78954025,122.4222745
6827,37.78601611,122.4215611
6828,37.79133938,122.4225556
6829,37.78773482,122.4219466
6830,37.78728637,122.4218127
6831,37.78222172,122.4206036
6832,37.79865661,122.4241177
6833,37.79844218,122.4239219
6834,37.79639199,122.4236775
6835,37.73889196,122.4870561
6836,37.73778679,122.5052744
6837,37.73962474,122.4667783
6838,37.73948474,122.4665491
6839,37.72699064,122.3885555
6840,37.72709453,122.3888241
6841,37.72807316,122.3904039
6842,37.72791302,122.390263
6843,37.72915722,122.3922695
6844,37.73040225,122.3999233
6845,37.71273244,122.4123749
6846,37.71275327,122.4126754
6847,37.71059746,122.4046791
6848,37.71169324,122.4089826
6850,37.71144604,122.4077926
6851,37.71143853,122.4080775
6852,37.71326472,122.4142519
6853,37.71325292,122.4145117
6854,37.71221939,122.4105024
6855,37.71222074,122.4107917
6877,37.75174768,122.420608
6878,37.75069521,122.4203919
6879,37.75023732,122.4205388
6881,37.74847693,122.4202143
6882,37.74758784,122.4203395
6886,37.74645821,122.420288
6896,37.73789314,122.4691109
6898,37.73785333,122.4691893
6899,37.73647657,122.4706043
6904,37.73982676,122.466965
6905,37.73968171,122.4670371
6906,37.78651583,122.4484829
6907,37.75380125,122.4580793
6908,37.75533554,122.4613713
6909,37.75690071,122.4616607
6910,37.75767446,122.4620511
6911,37.75384875,122.459985
6912,37.75445357,122.4611296
6913,37.75858464,122.4631913
6914,37.75503196,122.4563186
6915,37.792035,122.4310791
6916,37.791582,122.4345231
6917,37.79285851,122.4246298
6918,37.79264489,122.4264049
6919,37.7936372,122.4181134
6921,37.7934702,122.419771
6923,37.7922817,122.4291783
6926,37.79320941,122.4213252
6928,37.79545756,122.4021716
6930,37.79312829,122.4225323
6931,37.79181476,122.4329424
6932,37.73615917,122.504515
6933,37.74649149,122.4564242
6934,37.74631477,122.4553902
6935,37.7462841,122.4555543
6936,37.746255,122.455589
6937,37.74572652,122.4524418
6938,37.74559327,122.4522893
6939,37.74587814,122.4536518
6940,37.74580751,122.4539627
6941,37.80089256,122.4345342
6942,37.71696962,122.4043245
6944,37.71631736,122.4012966
6945,37.71775056,122.4071176
6946,37.71651151,122.4003417
6949,37.71621642,122.4022864
6950,37.72707171,122.475839
6951,37.72685817,122.4756604
6952,37.72808538,122.4786225
6953,37.72795917,122.4787003
6954,37.72722303,122.4833593
6955,37.72701503,122.4832299
6957,37.7572375,122.3989071
6961,37.75229517,122.3985066
6962,37.75127801,122.3983263
6964,37.75350618,122.3985666
6966,37.75575589,122.3987632
6968,37.72941658,122.3930672
6969,37.72926453,122.3929027
6970,37.72974367,122.395188
6971,37.7234945,122.4093873
6972,37.72338398,122.4096807
6978,37.72373988,122.408476
6979,37.72365048,122.4086799
6980,37.72281925,122.4123439
6981,37.73769107,122.4272704
6982,37.73332937,122.3832614
6983,37.7333259,122.3831353
6984,37.77246075,122.4840314
6985,37.73352323,122.4590315
6986,37.7336818,122.4592225
6987,37.73452142,122.4597287
6988,37.7343958,122.4597144
6989,37.7353671,122.4603933
6990,37.7326966,122.4585866
6999,37.77464755,122.4051238
7004,37.8234419,122.3750714
7005,37.79847694,122.4019254
7006,37.71103415,122.3965077
7007,37.71124366,122.3966888
7008,37.711285,122.3975038
7009,37.71122755,122.3974208
7010,37.7116517,122.3992066
7011,37.71162927,122.3990576
7012,37.71214519,122.400962
7014,37.77673995,122.4449384
7019,37.78288429,122.4666424
7020,37.7493449,122.4451516
7023,37.73334444,122.4153241
7025,37.76745895,122.4448846
7026,37.71305044,122.415422
7028,37.79871335,122.4451047
7032,37.74250281,122.4042069
7036,37.72300405,122.452482
7038,37.80740303,122.4120893
7039,37.71392611,122.4067763
7041,37.71527259,122.4061948
7044,37.71010811,122.4086581
7046,37.71139094,122.4079877
7056,37.79756897,122.4320861
7057,37.71495868,122.4150984
7061,37.71728472,122.4052992
7067,37.72161,122.44013
7073,37.76721072,122.4289387
7074,37.76925206,122.4290659
7075,37.76922,122.43342
7077,37.74092588,122.3846192
7099,37.70627371,122.460322
7103,37.72727636,122.4664627
7106,37.72604,122.4642482
7111,37.71746,122.449445
7125,37.738096,122.46895
7126,37.75766444,122.3918168
7127,37.7071695,122.4156401
7128,37.71657963,122.4057743
7129,37.77926364,122.4111377
7149,37.79811361,122.4500899
7151,37.73978405,122.465051
7160,37.78479116,122.4669383
7166,37.77624,122.3938777
7170,37.74291,122.3879167
7171,37.7222925,122.395835
7179,37.71017667,122.4043367
7180,37.729305,122.39279
7184,37.79360649,122.3956472
7185,37.79780463,122.4073913
7186,37.7654146,122.4769097
7187,37.73433469,122.3792735
7188,37.79121283,122.3998987
7191,37.71341549,122.4020781
7193,37.72005627,122.4571275
7194,37.72004921,122.4590807
7195,37.72004278,122.4611096
7196,37.71971746,122.4652741
7203,37.79418182,122.4218933
7204,37.77327316,122.5094958
7205,37.7349392,122.471312
7208,37.73537209,122.5046761
7209,37.73481387,122.4150677
7211,37.728845,122.4758359
7213,37.73975,122.4101622
7214,37.78047382,122.4035814
7215,37.78513171,122.4093617
7220,37.76297881,122.4468925
7221,37.75435192,122.4025845
7223,37.7968544,122.4372166
7227,37.79433193,122.3951137
7228,37.74603542,122.4434306
7229,37.74672821,122.443311
7230,37.71333395,122.4561086
7231,37.75811214,122.473685
7235,37.77730315,122.3947545
7237,37.72414316,122.4850761
7248,37.72123395,122.4275522
7249,37.72001691,122.4559912
7250,37.78335,122.4592895
7251,37.73796792,122.4369251
7253,37.76224174,122.4355029
7254,37.81303706,122.3710261
7263,37.75142654,122.4320571
7264,37.79113461,122.399775
7269,37.7474475,122.4590304
7282,37.76588,122.450085
7285,37.74404968,122.3904432
7286,37.74625311,122.3939337
7287,37.78034396,122.416868
7288,37.73481707,122.4016593
7289,37.76535952,122.4156783
7290,37.74828086,122.4337939
7295,37.76732284,122.446453
7297,37.70892286,122.4054012
7298,37.76744766,122.4077526
7299,37.77315313,122.4183489
7300,37.70931604,122.4231032
7301,37.78598393,122.4121541
7302,37.79118312,122.4017483
7303,37.72514667,122.3944333
7304,37.70906703,122.4230421
7306,37.73809529,122.4690485
7307,37.74004707,122.4505243
7308,37.75834286,122.4637384
7309,37.78414125,122.4086875
7310,37.76686208,122.4383108
7312,37.75230169,122.4141903
7313,37.73824125,122.4074163
7315,37.78603376,122.4098189
7316,37.76792588,122.4290265
7319,37.77644448,122.4029862
7320,37.72312786,122.3952386
7321,37.76961214,122.3892807
7324,37.76896308,122.3898238
7325,37.71953431,122.4699829
7326,37.7196543,122.4681827
7328,37.71198075,122.4057343
7329,37.71131283,122.4039355
7330,37.71337259,122.4072819
7331,37.71378852,122.4091113
7332,37.71493481,122.4134998
7333,37.71340648,122.4144811
7334,37.71226923,122.4018467
7335,37.71433352,122.4111774
7366,37.77606,122.3937064
7376,37.71876786,122.3974529
7377,37.74932,122.3873936
7378,37.74930231,122.3879877
7381,37.76436357,122.3887814
7382,37.76413923,122.3893069
7408,37.7754,122.4184525
7410,37.786458,122.400284
7411,37.78598133,122.4003993
7421,37.77390121,122.4237751
7423,37.77906297,122.4144707
7425,37.73315222,122.465467
7428,37.74140529,122.3871491
7431,37.72860486,122.4286071
7447,37.78491667,122.387882
7448,37.72730726,122.4751116
7463,37.77832459,122.4183596
7473,37.75808418,122.3884075
7476,37.80469875,122.4252175
7496,37.78551863,122.3968207
7499,37.77483909,122.4537386
7518,37.75314114,122.406002
7520,37.71019295,122.4041691
7522,37.70653907,122.4128778
7523,37.75523848,122.3928957
7524,37.75266165,122.3928486
7525,37.75241462,122.3948392
7526,37.7526042,122.3927816
7527,37.75500556,122.3928243
7528,37.73183286,122.4488271
7529,37.8033,122.4243
7532,37.75225506,122.4161906
7538,37.77539353,122.4648395
7539,37.7752746,122.4650789
7543,37.78255774,122.4730104
7544,37.76134245,122.3974341
7545,37.75459347,122.3968449
7546,37.75464696,122.3965536
7547,37.78077754,122.3907765
7548,37.7866,122.3980843
7549,37.78845641,122.4003218
7550,37.79038432,122.4006606
7551,37.74811316,122.4180491
7552,37.74855518,122.4137023
7553,37.79271939,122.4327982
7554,37.7065143,122.4595149
7557,37.82444702,122.3719079
7558,37.82828621,122.3720655
7560,37.824045,122.372855
7561,37.77318424,122.4523562
7562,37.79268771,122.3940354
7563,37.78112708,122.4123415
7568,37.80194975,122.4433032
7572,37.74858848,122.4740273
7573,37.74876714,122.4738036
7577,37.74138146,122.4111146
7590,37.823395,122.374225
7592,37.74822643,122.4200771
7605,37.78970355,122.3932992
7607,37.71967371,122.4755717
7619,37.78997488,122.3938639
7620,37.79020785,122.3932426
7621,37.80364622,122.4431533
7622,37.77641568,122.3986231
7623,37.79032625,122.3938913
7624,37.73051329,122.5014659
7626,37.73331733,122.414007
7629,37.76187278,122.4772006
7631,37.76034471,122.5081882
7632,37.743781,122.383621
7635,37.7809552,122.4134154
7638,37.7234247,122.4407784
7645,37.833786,122.493702
7647,37.83358,122.49407
7649,37.78735353,122.4098532
7650,37.7787704,122.4015931
7651,37.78372145,122.4076592
7667,37.76521886,122.4176512
7669,37.77748684,122.4161523
7671,37.71615009,122.4407315
7676,37.7914807,122.3926367
7677,37.77605151,122.411527
7679,37.73480625,122.4150431
7683,37.77018256,122.4038549
7684,37.77152628,122.4052884
7685,37.74824673,122.4453733
